4864
340061
1063
6840
284654
55366
257019
539
2908
6421
58480
309
23327
83987
5684
10946
8604
23380
8841
10009
3857
5460
79833
79008
134957
415117
11335
5591
90025
51072
23468
3921
10765
8535
7756
6059
1434
7157
4851
51434
5881
10519
56262
1880
6950
10971
9782
27185
10127
79666
5931
5252
3832
6228
10273
9531
23633
4171
85440
7415
1869
8202
9601
3106
50855
84159
58517
8353
11133
55140
80279
3728
8452
6201
6780
10527
81608
3981
2099
54512
63898
5500
3577
983
8539
3064
10987
3853
26468
84304
332
5501
6748
5108
10112
996
23028
8676
121441
203068
54815
8350
5905
10482
3964
961
55133
6119
1387
26039
8669
8667
51619
55611
114548
723788
3615
1213
1454
26580
8409
26517
1678
4214
6137
1994
8496
10013
4914
84955
10298
7529
64422
79155
8517
161436
3178
22827
5682
11047
3550
151613
5518
29966
6872
2353
57120
5970
55003
9045
1026
10399
54534
6182
4092
93
5869
2664
10075
1642
3796
23363
10097
1212
10681
25807
10618
1385
6721
2521
3190
51018
23411
23326
3313
2882
4793
81930
3320
1408
3276
7068
375
10239
4174
10492
51043
6667
81565
137209
6118
23020
93474
5360
200895
10483
6850
1478
6102
8899
6628
6901
374378
7283
10694
6155
6134
8189
56916
5925
4597
1488
3146
5493
10768
22879
64601
9774
51535
55355
8360
10594
4034
5930
8738
55367
54941
3716
7321
7186
28996
4204
672
1025
79132
3692
23178
164
3043
84081
4641
6050
6386
7251
10193
1655
207
55967
4701
8837
23451
1017
2317
11171
7514
10128
140458
5110
6199
10528
8342
57062
3329
127829
7388
23400
4886
27336
51428
5595
8751
7329
3725
9202
6613
55183
3091
25942
51143
55148
8354
677
94056
3171
7088
4436
28990
51026
8036
22808
661
10623
10980
8148
3895
93380
7410
8651
11140
282974
57409
5468
4843
5495
8454
10477
8493
3014
9820
2108
57510
167691
4774
23170
51547
9678
84105
27067
8575
7316
1173
6626
22919
6249
3065
57621
7965
54069
988
10078
7372
116138
51616
6884
6001
382
664
2806
6788
3336
4609
55771
29889
26986
4738
8498
682
5747
5728
54891
10856
4790
1999
6640
57692
7094
3184
29127
23166
23062
94081
55623
54517
55717
23710
79018
2668
2091
54865
4627
23603
4763
4293
24148
5071
331
9131
4298
79577
9100
367
8453
5430
26270
7311
11043
147687
1856
2033
1859
722
9919
79009
6895
4093
4089
904
5371
5310
6477
112939
1031
60492
11345
3032
8888
5599
24137
9055
10951
84787
1436
6714
4731
4700
23435
6147
10161
9735
1717
26046
83933
9612
10048
4233
51602
23552
6794
9694
337867
5700
9097
10714
1108
1729
7411
163786
9338
5894
9869
80097
572
6281
645455
90060
94239
5433
9646
9818
129401
2146
5469
4832
4522
6789
158
5738
967
6711
324
55027
373156
10890
10114
7341
51741
9474
23466
8356
6428
3437
30
441150
3799
27352
5879
2909
29978
10250
1650
8668
2296
6299
55749
84759
701
10393
25831
83759
5936
9043
1974
6599
56829
5597
23421
81622
25844
9217
56950
5128
7532
2130
54908
161582
55507
11311
10055
57617
7378
57562
2804
9564
7531
57534
7325
6175
5494
3093
51444
51222
25925
93643
23469
6829
79882
3837
5954
399687
55193
5685
5718
5725
5411
3875
3958
6130
85403
79101
54148
84311
9777
81790
4776
23175
369
3326
3309
9657
6185
9589
64210
102
8554
2752
51773
100288695
10061
6472
25920
2969
60493
92906
2885
1639
7082
3848
27125
4297
6907
81628
408
8726
55131
25885
5202
84708
51042
22983
10556
7515
51776
841
10210
5695
5320
90410
26146
26043
5708
7528
7979
8243
113130
10014
2746
192670
997
22809
8363
8968
57504
5828
10733
1107
23612
5714
10772
4942
28988
55785
203328
338324
1977
10989
4301
4691
23076
5686
4288
79701
10082
468
10970
116449
5510
2491
401541
1789
5833
11120
1399
665
801
1159
51527
5824
1915
3316
26747
2820
23386
57565
10474
54093
23549
9882
7314
55116
3597
51652
27183
2023
22992
27043
330
56616
6418
8891
5025
8355
8294
5424
10411
5903
56243
3281
7175
2308
546
7112
23189
5499
4216
7391
10621
7917
51193
149628
8361
81539
11261
3187
57082
79003
57584
5711
5395
57599
159090
80311
2547
9530
25
1982
9636
5859
7030
5707
10847
23475
54472
3556
3191
8764
10049
4144
596
83903
90293
26258
55093
6015
4173
5001
7301
9871
51729
84816
158405
4191
2272
10916
3315
7381
6498
4088
8766
54536
23524
6449
10952
79869
79571
65125
998
7156
10540
6202
79657
11321
9611
6709
1912
1398
6385
5209
9113
6634
7465
4172
5000
55170
10809
10131
90362
892
112950
10458
2077
200186
1796
84268
3312
645121
8607
113878
1739
2977
10241
7916
26354
648
8664
84445
2065
7343
26168
55069
22832
9031
10155
56257
9092
27237
93487
5511
2634
57332
1937
3159
90957
2597
5520
8878
7534
4599
8266
506
7284
56674
51637
3980
7520
595
338785
23242
7431
4836
9975
126526
80145
10915
7170
1147
8761
3608
908
55844
6633
5985
84060
10460
84282
8065
1503
3996
387
8939
10419
4940
3720
7203
2010
11180
51562
4176
54540
143458
51780
1663
124739
51422
84292
26121
9128
6747
114818
119391
7020
6233
55609
2064
50512
2079
4927
55308
1778
22938
5564
55178
4798
51603
355
23345
7023
4193
8540
55054
5733
22931
65065
9688
6868
3188
26058
7454
472
54953
10134
6657
128239
328
26511
1039
10238
830
8560
9669
25843
85369
8850
117143
4791
10140
8352
57636
6929
653499
255967
1207
6637
55610
27333
5522
6949
6117
6741
267
3308
5049
9342
3480
10111
149371
9711
5515
1612
5337
274
112858
11130
58472
6144
5521
2800
9044
6164
5702
9219
84612
2801
9987
11059
3030
7994
6235
7384
2810
2887
57520
4067
730
1191
79585
6217
9793
26015
10632
5681
162989
5887
23641
79618
65265
11328
100128966
554313
4005
118980
79035
58493
285598
5317
51377
23513
25782
54535
23636
2888
1613
6938
124790
7376
6257
4706
107987373
2314
4869
27161
128866
226
9585
55364
5830
8528
10376
6671
4899
55722
6427
55888
7297
65057
126364
8543
6925
9410
64174
10897
29945
8697
55173
101928160
9875
6655
310
27101
10498
54187
5593
10956
7184
3614
51053
10808
481
22976
6224
5584
8470
7266
22908
55147
6733
8450
6157
5978
6601
4292
1192
8737
151194
84466
5782
10051
57727
27316
1073
71
64431
10480
64983
50848
10325
64121
23031
10949
10575
8289
9931
8175
6627
84859
53981
89941
27068
55968
11124
10277
84993
6208
8683
10236
9371
10204
4141
3185
1855
8662
10010
3838
8614
55658
56254
8678
9532
474343
79693
55719
10133
3219
84464
51499
25939
84726
8665
4670
1499
27076
8366
2181
220134
11007
23270
5598
5983
2274
3399
2769
56893
6692
23385
10592
57695
81027
1058
9801
9730
302
4734
3096
54840
372
55660
10346
10467
2886
8428
7248
1051
60412
2961
116985
6198
4686
2934
143187
9482
993
55726
865
56945
1407
7533
5498
25793
56852
5691
2776
9218
9527
7178
7323
81847
7307
57129
55052
3082
960
64919
3181
6132
6168
5290
63875
26994
47
51647
23650
8347
7466
79654
55664
5607
81889
55526
84309
10598
178
25791
65080
8803
5928
55957
8565
6715
162427
5594
5566
23387
84959
7414
7037
79072
3953
10179
22916
4234
92342
3622
25862
55149
4771
1736
92345
54434
22954
9413
49854
23013
5771
153733
541468
55709
3066
5573
84978
868
26003
3192
3554
23365
8777
59339
10963
1270
55061
153642
54821
79786
63891
4904
28964
9001
60528
55109
1154
4087
694
51255
11060
811
6919
9698
55971
5565
2058
9140
3068
6749
6605
9274
5885
6222
1050
30849
84260
10607
23557
9737
6908
23177
1487
10524
54433
64979
57596
9146
6122
9775
6129
55011
196
9049
5586
112574
9877
9343
8975
25839
821
64343
142678
29924
160
22870
9181
113115
23588
54625
27252
51592
5862
2319
79803
23383
65003
79784
3205
11168
144699
57122
79902
5245
23173
284217
3673
23283
5716
9967
23499
27436
1163
1018
7009
29956
8301
27327
8907
2120
5217
10625
9939
5585
3992
5745
55718
9817
9406
3055
3572
83737
23559
10580
96764
23640
3297
466
3216
1198
6595
3609
54934
3607
1543
7189
6205
55646
57092
23476
3575
2060
51035
641
64682
3851
8945
1432
1938
90427
4837
3005
28999
8290
6879
10549
54935
5829
9584
1870
6689
84823
6197
10454
26164
23405
79913
7416
552900
5093
5592
79948
5129
4175
10567
6464
3643
134430
51684
27148
79139
4800
1386
9265
2935
56259
4296
26993
256691
7083
4047
25814
23521
138716
5347
150684
6310
10551
29117
6188
64087
57521
8663
3836
118472
23191
221092
8826
27131
23184
5335
84893
57002
23409
6598
8650
6434
51295
23112
25788
51585
55769
55246
5984
708
599
5144
201895
6128
5704
5610
8815
1948
25894
2617
57396
56963
10018
4854
79446
1822
7011
5877
2730
7390
5286
54039
54778
115548
81926
51160
2213
84164
1936
5888
54904
1329
2648
51514
80135
79159
6278
2564
9236
2118
9867
58525
6606
89849
8161
113523636
81550
84191
8106
64754
84284
2011
65018
80020
11154
6648
54819
79759
705
285315
7324
2869
9961
11269
5987
51003
5436
7913
10673
253260
301
142
23054
64855
57473
2185
11035
9070
127294
29110
10521
9643
7541
9373
1129
8314
4711
55626
9129
90850
2307
51606
93436
55081
25886
55353
654346
55110
10363
51474
27107
84365
29079
153527
54443
338
23234
10617
29082
6801
29015
121504
10284
27351
10529
80306
6867
10576
23517
1196
27044
57187
6809
7159
100529063
4000
91107
5163
2720
55916
79768
4140
9512
6229
8365
6836
79001
25936
6707
7133
6576
23198
4282
5435
9733
6135
4306
834
8835
7067
5451
3910
10328
9457
100534012
124997
55892
7874
4733
9946
50813
81620
7132
4646
29781
51150
6124
57619
22807
91694
57646
55294
3920
25945
444
8649
23001
3133
1777
8924
55831
57459
64844
80854
9915
285753
406
9575
26259
6209
3303
3301
58500
7169
1460
7019
8677
9588
2580
11200
5393
81704
196441
5530
26035
8567
6830
10413
10024
54971
55048
103
6764
55898
8471
1508
10038
8370
55596
445582
23135
51010
200558
64748
10988
4736
55602
10116
89853
6732
140890
326
2517
2665
60509
54438
8439
5719
5687
5886
2305
2309
3621
238
114793
57539
92799
7161
2622
5050
5690
3860
25836
8930
203259
114971
125115
51588
196074
10542
1388
257218
387119
10129
991
10985
55388
9709
7014
5878
55905
84851
2071
1428
4134
5062
201595
25873
55810
57533
219541
7538
10253
9879
10153
6258
203
57215
5204
2354
10755
5567
6888
7846
11129
26240
63027
11103
10994
3611
1468
3654
51070
89874
10422
51187
221120
9318
4513
3581
5140
9785
10523
27037
10912
10318
54892
27072
55014
25901
5801
8404
55177
2799
51719
1072
80781
8337
54477
23229
9401
79960
51147
5230
51296
4331
11074
2260
6461
999
51593
51375
282991
23162
6602
51162
27229
9810
3148
6607
51061
8536
57118
221895
7090
2034
39
550
311
55240
1453
79839
112869
3008
6161
28958
58506
1027
1431
3028
5437
9627
80777
7049
9445
55226
8763
23438
79922
90933
90273
57498
8091
57189
2355
26156
9784
29104
55703
2931
65005
7084
116254
79465
9743
53358
4750
5581
60312
490
7163
7165
163126
8887
3839
6314
58477
373509
57673
9521
286053
5705
56886
128308
8362
22981
10813
492311
7328
54206
7322
8893
10254
84456
79959
1410
6597
3726
57645
6189
220988
7332
79751
8379
1659
29844
10445
147841
5933
51366
84643
7022
222484
57449
373
6615
2294
9147
92521
7260
10574
64976
989
1964
10657
4690
498
192111
1012
246330
8445
11315
2821
211
9425
3672
23647
6774
4116
9700
4794
10569
25828
5611
80198
23255
8570
90459
7884
55668
51726
55139
10539
85015
6294
7153
23404
51013
23511
4302
1314
112724
3419
5052
170506
161742
23295
10615
284058
333929
4889
51378
4236
4926
27349
5087
51545
9656
5536
2768
51744
84270
7041
132320
64770
2107
283349
23584
57650
89970
79866
5876
4291
80760
51194
1643
7507
203286
58497
4830
10109
115703
10783
11113
11073
26973
84661
7150
27238
64837
8681
85363
5036
9918
55197
65990
10973
50937
51264
88
54984
11143
8936
84062
10787
396
6152
57474
221937
9451
65056
64333
7334
10146
23186
55379
79718
5562
59343
49855
56897
29761
1911
9328
112495
2771
105369632
7265
55662
5546
54464
10426
10142
10868
26133
5710
6048
56931
84866
9759
64151
3782
6396
871
5683
64145
581
115426
80321
25959
55421
126961
857
2042
805
29115
8648
1525
5111
200081
6432
2288
8099
8576
1312
28981
80817
155465
928
6204
51324
91647
90678
51552
79656
3954
23492
3398
808
6647
57466
10969
26122
9169
375056
55311
86
8295
124801
5178
6256
10198
23410
65008
219927
3009
6632
51806
6500
84261
10213
10514
253461
9416
152006
55128
92922
51692
23288
6125
6390
127733
254427
51548
25956
6303
7001
7317
1182
3965
55274
25825
7818
6293
54998
10919
790
23677
54737
3337
4893
10490
57862
117177
8368
50809
11284
83858
5689
8894
84186
5432
57117
4905
5795
3742
3699
2289
51435
1785
8449
9275
6760
9149
8892
5906
8794
23558
6653
10138
63035
9525
23085
3551
2197
54765
5090
5935
9935
8402
57787
139716
205428
2959
27095
122553
55742
57798
51566
84232
11338
23335
23312
7128
81858
84516
64149
157769
54785
81611
639
9948
57488
84790
5603
7205
9883
163033
91252
53826
55142
10397
25895
51561
9908
55300
10534
64853
3024
10412
9391
50807
4695
2872
10658
8861
79871
92421
3092
5195
5915
54888
63932
26269
115752
85021
96626
23649
9706
89953
65059
8971
55699
5303
8688
9972
2962
55691
83879
7268
5579
9610
10614
57639
57506
3310
80700
79058
3306
23235
1727
3661
9256
29123
10466
91949
23770
9861
23204
10058
5528
5531
5064
57228
10336
23271
55062
55636
3183
2926
6786
2737
7270
6426
51676
5361
2017
644
134285
11194
51082
29070
4055
651
1828
55768
2898
6429
64968
25953
84310
55114
23164
154
118881
11157
27258
3251
7263
54996
728642
11051
90993
221
23780
574406
10487
191
5226
55715
118924
2956
3364
5976
23144
2125
55215
84733
22881
57169
4628
29078
51079
54931
8481
79664
29843
5519
51100
64960
26127
53615
23034
6227
85439
151516
538
53335
7025
9188
7430
6383
55299
3880
56478
2081
411
57192
5727
55216
23534
7398
810
6493
64854
10671
2948
171024
91057
11159
9734
8021
84705
50717
55506
5713
5861
3007
10130
6047
8473
10902
9846
79924
6240
55729
22974
8367
10735
84131
6624
29763
11196
2770
84132
4245
54936
3939
1278
27246
55819
3849
84572
740
9702
64420
5796
23005
55578
6881
4580
8125
8359
3840
222255
9040
6210
11224
6737
1827
27248
7327
8742
4487
9513
60491
59277
10248
427
259
8503
65264
5315
4008
1738
6777
80143
124751
23787
4209
6502
64761
90480
1810
6885
144108
9349
7936
51073
115416
2067
79886
79673
284403
22913
4300
1933
10084
4205
23281
91833
815
2539
3052
94134
55066
10464
7409
5295
222584
3020
79724
157310
54955
5478
57634
6193
10726
143689
81603
8502
84656
11012
10189
2066
221188
4693
79791
221927
23673
7798
4643
23586
90627
63943
7799
1676
387680
374897
515
64802
64375
9581
57038
4735
10844
51027
54927
2495
23582
83931
8546
3892
56006
65975
135293
80013
22828
134492
9150
10001
653121
910
100506658
55850
6723
79016
8666
51503
55293
196403
64418
64783
1973
84262
339448
259266
10616
6093
51231
10954
23753
7158
8881
9354
10845
4591
117178
89890
824
9361
3659
10957
60488
28977
221037
23304
54623
3161
7046
10293
22888
57178
7579
222696
55693
84908
50628
275
7485
10960
83605
201134
5218
5467
6722
84305
8315
126402
2
125488
1059
9464
65095
24144
83855
4678
6230
26751
79720
1345
25777
51631
6497
80705
85302
257397
7572
9747
54820
7903
10629
9902
79728
56906
5805
6194
8241
7272
10579
2323
3021
94025
64951
286262
55740
322
900
5094
1457
57159
11331
79020
4287
9689
84247
22890
9786
24140
5338
2109
29108
3712
10645
4673
5832
27159
84343
51691
9337
7188
8767
4212
8214
26575
125058
55809
91748
26001
6596
132660
57602
10653
8813
23632
27034
657
5321
3396
5479
83548
64839
65986
11177
64062
79088
84549
201292
605
51400
8531
38
151246
10300
129880
54585
339366
2512
1327
1629
548593
10147
9928
87
5162
7155
57470
8658
84669
8717
10913
57381
5058
147339
5429
8087
27075
5037
826
2783
10612
23644
11186
3397
10383
90624
10159
9738
80185
65094
79616
25809
23759
220965
23532
8533
51253
4192
5709
5580
57546
6238
54629
3767
1829
5034
10197
55755
57519
55692
5216
9412
51141
54828
65082
78995
8661
10188
1211
4683
7518
140685
57532
1656
7586
79109
27339
7337
5153
5871
55092
23329
5814
4602
54414
8828
10456
5868
83734
3563
84962
6095
121536
84364
93974
2191
1762
51263
1952
202051
6431
3304
3655
58509
1788
10379
8487
10928
483
9415
30008
116028
80010
140710
55339
55086
202
51008
125950
84254
29093
10573
9486
753
79682
529
23244
9962
23155
54870
9570
80144
79037
11104
4722
11340
4739
607
5898
23032
58504
8357
5516
9857
3069
65220
29916
3843
3667
5339
26155
10672
6301
27291
7110
10728
9135
55651
56957
4074
26088
51693
5825
1315
51441
1958
4665
10992
5214
7290
80273
27156
6142
9670
51430
81875
3265
5127
26284
8260
55290
55627
8050
93655
5422
6136
51107
55851
9945
23063
102723728
8455
22803
6897
1186
1666
9652
22950
51807
7109
29948
64708
54386
4082
9166
1660
7052
9126
3959
7277
7813
4294
4760
334
5900
26135
613
2222
8976
57661
78992
157638
9025
4222
55589
2629
2150
92935
79641
5091
23624
79036
23265
23491
10972
4601
4149
57606
57020
54520
26298
6878
7919
6416
4077
51661
874
54107
8467
29911
9724
84321
440275
90507
5939
23613
7417
11072
5431
23126
27350
23741
23203
1967
81607
3925
8349
7358
9815
9853
3978
6917
5287
3586
1909
10181
8895
11160
6009
5147
23523
8520
403
3679
23481
23212
51608
80262
288
25855
5834
4908
56052
51622
83590
6877
148223
7681
5966
22984
11183
995
114
405
6817
5268
3798
26086
59348
7525
81669
5042
56935
5921
80176
79944
5655
10923
55229
3709
55365
26353
400793
10421
687
25979
7536
92597
4194
10240
64965
9894
23111
23049
222643
51069
6446
9321
51663
2717
54726
8480
11100
7690
151011
126375
7841
4289
6728
26528
51397
5932
10771
83640
5557
23216
1195
16
29922
10045
8626
84941
9360
84335
196527
114034
8795
51529
56851
10438
25989
27285
3070
11316
22820
225689
8912
10211
57175
29979
5480
3198
5316
23195
113263
54902
65109
5537
55233
5723
60673
51479
81671
8364
84172
64175
29088
79659
23560
840
9203
5663
223
28992
283635
55553
9320
100287932
23
374383
4356
64928
2975
3486
3688
5532
81890
91452
51322
2098
11065
55285
2339
8073
54602
4891
5423
7508
54954
9776
5238
51318
54462
2965
2631
51112
116541
140739
123879
9197
22985
29882
111089941
9831
51399
286077
4839
132
55666
81887
221786
3015
9093
9770
147700
1808
79696
8343
57674
196374
5902
148022
3017
23399
9441
10468
1997
6659
8192
725
11258
4704
4729
9351
151050
55929
114790
54106
5608
6400
9077
57805
7737
59269
60485
1965
63978
26002
10678
79991
5971
29099
10933
9559
5160
5867
79874
158234
64963
22920
9184
10121
9778
9261
286826
26064
9748
3784
5600
64223
55615
92255
26509
6642
2149
11277
11030
699
55012
23426
1495
51633
9175
5496
5883
23450
54622
51649
84461
9897
30827
9753
5201
10885
5311
55653
1384
10762
51334
1975
5165
3476
79840
151636
116328
140460
9727
10817
9306
6196
6091
348995
9632
5698
27287
22934
79589
5756
22880
257160
55250
64147
140838
84942
5550
55276
26227
11218
2171
23369
525
6282
9921
23493
23091
23097
124944
55163
151188
9463
2897
5965
832
9968
100505585
5770
1512
4076
323
64400
9699
6799
79090
55702
9183
3656
55837
8880
7422
147807
83743
387521
51635
59271
3155
78989
9903
55958
9813
84033
5236
79441
64098
80755
55174
26173
205327
9557
126075
158067
28998
5694
6183
1500
204
1439
4841
51280
4267
4998
353322
9555
55181
1838
8573
51121
6239
829
23608
143903
7386
54940
5784
4486
4350
7095
89910
159195
338692
573
79576
10113
2553
2551
29982
10884
6169
6311
64434
131566
10509
64978
23313
4084
6945
7204
9804
114803
2589
51292
2766
93611
1509
7107
7494
943
79753
9658
4048
57461
10270
138151
4714
84263
6654
7786
9686
1102
10437
4807
51388
80014
359948
25797
1155
4430
100506403
10432
5267
11221
29760
9577
4929
6154
5910
673
145173
54995
171568
56342
7879
84303
3431
22794
79171
26610
80349
64745
11009
9478
221935
5706
23321
6522
2068
51495
7408
9111
80150
4594
134266
1797
23037
29085
3783
9367
28984
26145
7597
494115
54958
54873
29775
11034
3915
84126
2971
115106
55291
1164
55284
79443
80323
29997
9325
84231
5356
213
80012
3300
5097
54531
79711
10758
1203
51808
23019
84875
8916
28976
1978
57684
63920
81559
9779
145282
55930
56252
23274
49856
2896
862
57530
79677
84233
4211
79872
55035
6139
26057
219654
6612
1326
8204
4676
1201
10165
129685
9021
54972
54733
56922
23464
27089
29937
140606
200894
4862
23046
5715
5631
126789
6712
55728
283537
23190
333932
723790
7004
2672
22878
1969
1942
3984
3108
4361
6742
84294
57418
23592
25906
25847
55661
84154
84707
10874
8706
30836
8906
8317
4145
199692
1397
22900
6206
8772
5357
254170
51341
139341
51001
10914
83539
6811
23142
55840
57551
9252
51132
10226
2697
65992
84869
7923
128710
8061
10073
9061
2356
10040
23322
1020
9158
6143
120224
4779
54407
6195
587
3985
91319
51465
320
64428
57380
56888
10935
1070
10006
2059
147179
27429
134359
22862
26292
2803
2967
10656
3752
63971
55585
51122
891
6934
6158
9647
1649
6318
823
94104
51319
56648
4775
4718
3705
26097
26512
65110
200933
20
9616
150771
3665
10603
7551
9368
28987
10059
6455
55920
9667
1523
51755
22885
467
4097
54764
51268
6510
55037
27335
8986
9772
6625
4255
3482
7402
11198
11052
112840
59345
7385
4661
329
8239
3790
9847
261726
55863
5523
990
6499
51116
10054
84458
83871
5781
145553
10207
9213
4582
9790
445
5378
79705
26094
5981
55612
2954
51290
51614
79165
79173
9540
2923
8340
231
84256
54882
5033
10062
100528062
64777
116071
51433
23263
873
11107
55288
5934
7027
9595
8548
728689
83992
25820
8932
9901
25890
7855
140691
9682
4154
2263
2255
1540
55072
10291
26999
91272
196513
8273
55278
7171
942
23047
10274
662
10228
25929
8773
84128
56654
894
57592
55505
23065
80856
23348
339287
10106
56946
7726
1030
9324
6133
7259
3458
6778
3646
23179
14
11214
5792
57819
5445
4007
57794
197257
80816
6730
10195
2733
54893
5082
26140
50814
6181
9414
4026
9382
22822
6670
51002
80344
84296
9878
25822
663
10459
5116
80184
51138
1104
23530
25934
4849
578
7750
64216
26147
1843
11152
156
23594
10544
23414
51667
1737
4931
4013
79876
27005
60626
7918
10801
404672
128178
8829
8394
2802
23137
79980
5507
5509
2494
55210
8816
64927
9344
64426
4001
64241
5701
4261
57600
201163
124995
3983
4605
10096
57111
4724
4723
6996
25930
10611
2242
55859
2332
5641
8673
78991
10409
11235
10025
55341
54973
9868
1824
51586
1479
51300
25962
8890
7167
23384
9726
23225
8625
5730
64080
3182
3295
9628
57136
28989
57185
104
84775
84886
51491
54970
2870
4616
5427
6942
55917
166647
6259
10367
29028
5660
10471
835
84617
3150
9898
2669
80305
4831
79983
10769
11102
6280
5917
1947
5977
81
51335
586
6549
3238
5074
4160
56246
1981
79893
151648
3987
8027
23071
6092
54487
1716
64786
3163
8819
4833
11080
56984
3376
134218
26985
79002
55254
163183
23193
9519
5265
391
84450
5434
79635
51056
114781
2762
57591
22795
3339
27332
55016
8721
64780
440574
374393
27342
91039
6609
307
27065
267004
54869
79868
80789
79594
5982
122953
8312
11267
23092
253782
84197
140901
55829
1022
9685
23564
11078
64864
1840
84289
27297
8886
6191
5576
387921
51451
92715
6767
5583
10626
6317
284194
7486
51460
23786
79089
55504
522
5394
10085
10654
5529
84659
23479
6156
64395
122786
84218
29888
6890
147872
837
55823
56943
90411
3856
34
8339
23220
29101
92105
8078
3006
51260
7074
3418
4189
10550
10450
29074
83608
8574
11228
51747
8338
92259
221504
8165
5612
10314
80347
84619
10773
8792
55152
4238
8505
10788
8776
55320
272
8500
2747
26092
8335
81624
51517
7443
9666
85014
5929
126820
83694
54910
64689
54863
839
146206
79837
23163
80267
84324
23350
5757
23016
89122
29068
9221
55737
11222
80829
56993
8323
955
3340
114883
22876
94241
590
23139
54906
81892
23035
57181
182
56907
55644
9943
54884
11213
51135
55168
55188
7086
8344
27086
91603
10775
55738
51365
4090
389840
115939
64083
5916
2037
4615
29855
63826
1861
151903
9675
6234
10589
644150
84061
64788
11202
8660
254773
283899
308
5899
23247
84273
55854
5358
9520
27122
10283
7476
9421
10011
55763
7707
9019
120534
11021
7581
4617
7469
51144
55207
9491
55340
10959
2960
5048
51306
51520
27348
23051
31
1105
26521
80864
55345
26524
91369
55622
115992
50488
55327
643853
65266
27347
51317
10190
56474
9997
25909
3094
8615
3035
10558
115557
23597
9797
5211
9665
87178
65117
84312
5947
55119
57492
79861
4725
57205
689
819
54205
131965
80342
389677
7552
5229
10439
10256
10452
4907
2950
2192
23645
51188
81789
26084
22926
11274
7805
9276
1891
55120
2187
1176
55529
3566
23187
51639
57587
64423
340419
197335
219
23256
11187
26060
146223
56895
150678
221830
1725
27309
2021
64924
79608
9904
54776
84991
3206
3097
26505
286128
23376
116931
54938
56926
284677
27
91582
79026
81537
90324
29935
79590
83692
5605
125476
2550
5699
3115
113455421
79027
23269
1819
55714
26119
117584
4920
4123
9990
100379661
1048
84300
10294
8863
8864
54606
8332
80304
375686
79735
1121
57109
55167
813
7832
283489
138199
843
10929
84056
144097
4200
201475
151835
81556
9015
10163
55764
90780
57505
667
253512
2706
144402
55249
80230
135892
2237
8220
771
4702
57405
57402
5891
23429
55536
22
79873
54361
54875
201164
89797
6203
10286
57594
11128
1069
4726
10043
7458
1174
9933
81876
197131
2235
3111
8195
55684
53918
8672
7570
23762
128869
3854
51599
254428
6820
85236
51239
23192
23303
202018
81544
653857
84920
23152
29072
22853
10200
54542
57658
6773
10947
51650
7403
53407
26953
11170
129303
5753
9825
54758
26515
26519
23172
3012
221184
2957
79228
344558
55164
476
11016
5524
60592
9637
25915
57703
66008
6621
65983
55690
55696
84058
114898
128989
9295
27018
57403
89857
6835
6489
2002
3067
79754
23094
7566
130502
8351
4860
55039
1277
5870
10664
23307
7064
79776
201627
11112
23352
23002
84936
7444
5609
157285
112483
25940
1375
9524
78988
253980
23394
127703
50808
200205
4698
27102
54874
90550
339230
79080
81846
54521
5911
22872
2287
57544
22839
22941
79102
55607
9455
4488
79075
5349
65244
2643
84317
1793
1653
10212
114799
116115
6782
55512
55466
3861
8820
5352
23012
8270
1728
11329
4128
6874
3852
11000
90441
399664
3693
11252
55346
51594
84498
26061
116225
9792
134553
11193
567
1677
3233
55049
441250
92344
51272
51642
317
23555
5927
5018
49860
4152
118812
57003
117157
55156
55074
10295
149986
79624
7098
9442
10723
4915
10557
5786
55671
80007
26136
5425
7905
122769
1662
23609
80232
55781
440093
2264
128312
25902
80227
55638
6159
28965
3117
203054
54808
9124
6924
27254
55425
80223
259217
10865
57708
5533
25937
27300
23607
154214
130507
10299
55625
4070
83746
4041
8325
8731
10427
79767
54932
7148
56882
6242
81567
2705
9208
9172
25804
284297
3660
22821
51367
80153
340359
51455
26504
155435
83460
11231
23224
8703
1362
26574
64377
64222
6452
513
9937
161
7709
7253
100289635
114049
79583
51024
9889
54929
100874369
9352
58491
4647
92610
64949
79629
252983
151987
10564
54887
10570
57096
129446
9262
64359
146956
4009
153769
84699
7089
9886
51389
80818
6433
660
29984
119504
29907
9692
26275
6558
8562
79842
10232
79363
183
3122
10641
84330
80762
144501
112268148
81617
23211
54554
23053
80308
91662
79695
84749
9794
23500
6277
285527
79598
11319
3735
50804
84950
84333
9516
9704
84319
10628
57484
9563
65083
116540
9333
79714
9133
51096
6651
160851
5438
5589
7298
6236
8870
2205
139596
54963
83594
8079
26589
1749
84295
135112
10606
64651
23509
11285
60686
54845
2050
51478
1841
147923
208
4521
4913
2073
353
7873
441549
64787
54732
55824
10857
30811
27445
3675
56927
9267
8518
55269
5170
54806
537
8836
3226
57465
25948
255426
1787
3993
56925
22841
7220
219988
81848
1476
113174
51380
80381
80830
5527
101060376
8358
8634
23042
54797
11266
81570
738
22858
91687
9246
10252
558
124540
8780
400
27346
84079
6845
3696
4782
2639
116840
79752
83468
57035
4952
55015
23654
27236
286753
10365
165324
825
51371
3691
30000
9837
58533
658
64425
4139
6286
56341
257364
7043
58526
7468
23580
54059
54899
25926
54584
148156
51657
5155
9370
54700
80023
54851
25778
81542
51
10042
4753
5514
79845
57463
246184
9739
6141
29086
8644
3177
55198
149041
84844
9375
54453
55219
116461
256281
27292
150274
169981
10005
27152
64397
9789
57326
167227
2982
7812
84914
5362
283078
57670
4313
7078
51092
25897
79796
4804
65010
23412
10311
51329
113251
10849
56000
64792
7770
157657
57099
7051
2131
2963
126626
9816
1857
64975
1382
100289678
57190
7275
284001
55432
285190
26024
54762
27071
55748
7433
146439
10531
51449
22902
374454
4795
4850
6672
55766
8897
146057
2137
7851
10939
84674
342945
414919
9546
3612
55006
58484
9317
79621
8797
4857
25824
5979
9054
1062
23286
154807
79789
27443
5073
9205
26017
80764
9209
26098
9687
2997
90637
26167
404734
439
51076
64207
55103
25904
6810
6586
10651
8915
3842
54788
56913
6309
27243
23293
1003
10922
219771
4478
2117
51127
84946
1763
8464
222194
51101
8877
9644
80207
473
79770
1780
6990
28986
3033
3977
3976
5307
64762
3267
51204
22894
89891
55253
8741
4534
57179
23403
337879
23595
6631
5291
5134
29899
52
146059
1984
5471
26578
10449
51569
26225
29954
2736
55137
130916
1979
55975
3619
55884
54969
8744
56992
64763
139231
1615
10620
3636
79650
5819
79811
116841
5095
1001
222008
3098
5089
54913
81831
55111
8313
4012
9950
100101267
26271
84220
23210
83475
1968
5989
9965
10410
93100
1466
440145
92815
112817
113201
7105
3142
3741
6263
23133
64073
55135
57143
10640
78994
84245
79622
84083
6505
80011
585
8346
4150
152404
12
83856
25759
84838
79863
84078
64897
201626
23423
55683
1054
51605
10360
22980
79596
3713
56062
10533
84307
160428
5096
79586
26093
54949
28956
7511
4780
29940
3018
727851
79158
91782
93517
23474
29943
29959
5774
10101
50999
26036
23309
50640
11215
55676
2043
51185
4043
55218
57609
55758
10848
10312
357
22826
6695
5606
51014
23328
4253
11146
29103
1471
84265
55324
8336
11212
51199
53616
1743
4651
91419
51202
9553
9039
29925
126299
5326
4809
6103
51291
2053
55759
81037
9255
89927
29058
379
81786
29957
27241
6279
4059
57455
374882
51164
58189
782
6769
79843
23396
55847
3217
84313
23596
139818
23587
11083
64282
29087
8743
285966
22899
23368
2683
55695
9475
55209
653784
283578
1622
50810
91746
92140
64943
84872
129285
22884
7295
63915
9653
22875
10463
3118
64860
23131
80222
9397
3898
23623
152185
2660
126070
28962
10243
646817
10478
23080
9989
4677
30001
115704
1376
5210
3557
1545
3703
63894
11066
57698
29126
79807
245812
54680
90861
55531
80155
92745
8801
64319
19
23515
84912
9578
6218
10475
23268
79142
37
201798
10507
5442
6237
23231
55604
116092
9538
10636
51209
6792
50484
64841
2827
6838
7678
51103
8345
2029
54793
284273
199990
7039
55033
93649
8799
57614
3605
1802
342977
64146
27022
10613
23379
9891
11041
4040
8996
57128
2049
114885
8997
54677
10584
57704
1464
23347
349667
27179
85459
5167
1075
10491
109
6430
8456
7077
10560
259173
120
5909
1901
7404
114991
84162
387882
83591
255758
972
64399
6469
11165
84446
2005
80004
130535
54894
842
91607
977
23495
8555
57107
81532
389541
51142
8425
55858
64135
2322
63982
51258
79086
10609
5256
56655
23294
755
23332
51574
23306
8527
255022
55082
348110
79581
56941
8550
2176
27143
6894
80824
9479
9604
7296
84717
6787
286148
23024
462
51735
10905
51526
144811
8867
2548
5364
116442
9086
83478
56126
51019
79091
56980
3710
55023
57659
7779
8131
10670
1632
23708
7629
90594
56683
3487
84975
57572
51379
23233
54816
94240
10522
53944
3833
55633
27166
7326
8178
81844
55172
4122
54476
80317
401505
80237
54461
197322
9648
440193
92609
6591
10794
1475
53339
200424
29062
28972
23253
9353
7775
84520
8874
283742
10000
135114
6731
2983
8545
220972
8720
5937
6520
84002
10855
54991
9840
5742
5194
905
59352
3601
8896
113
65260
5810
79832
23637
7286
100302652
23215
342132
60490
7389
23424
84133
56999
1730
10999
142679
28957
56270
1603
10644
1950
56850
57761
1486
10979
90488
3855
84340
25796
253827
23301
401647
30968
6347
102157402
23087
3488
3697
148423
54552
51182
56241
3071
321
2122
8330
654
80216
727957
2767
54583
253635
6016
2039
471
83637
54994
6943
1340
10008
10465
22929
81576
6096
25879
26040
7057
950
55833
96459
5540
56948
51506
440
7840
79637
84281
9842
162963
5831
171017
2119
57407
57447
51501
521
139212
54465
56521
5768
390
55761
593
57132
90338
6662
55080
55028
80213
144233
1892
51309
5098
54801
54431
158358
5289
53938
60625
149603
27129
10945
4710
51278
90102
1269
23671
384
8263
23731
81788
4924
127281
145482
6833
11069
57648
653604
54962
64785
688
6389
11101
360023
1837
56605
57649
9907
4512
56923
54539
51496
8775
84073
80173
9509
32
22863
2072
168544
55337
23213
55561
51128
64224
3202
219743
9400
1854
7374
5179
51111
5923
55502
1515
10039
114882
4645
3755
5797
51760
124152
10135
57486
11097
29967
23299
85359
51108
84173
5740
92399
163859
54878
6988
11162
5863
5213
9541
55624
23670
10908
57616
23567
5696
22930
4485
105
55795
8854
55732
152330
51250
10807
51186
85463
23078
10451
85444
55017
25766
89781
3257
22877
121457
79095
11169
4650
57647
55005
23108
5154
140612
78986
91304
11276
27077
7174
2787
51226
4801
9927
54977
4946
2632
622
222950
4756
55739
23262
84196
130940
29970
27158
60314
26586
79034
4598
6192
23568
6337
23389
91947
130399
10635
219333
8303
121227
2671
254359
3704
57568
51765
9204
54566
831
60481
84376
100134934
80019
5355
80025
51031
55454
10081
64784
11132
152926
9811
26054
10552
333926
29904
80017
147040
56990
80233
10898
10927
126326
26191
489
10668
79719
64321
2444
261734
285590
55095
8689
5993
2312
23185
93233
11325
55825
57613
594
23240
10782
54883
64219
144363
55238
1181
27230
6338
79847
64857
654483
81794
83448
60313
28973
51172
25893
729857
10290
9232
57685
159
3778
5791
93129
23548
133746
51203
9278
9741
1462
221613
79643
100885850
4049
57161
56005
9703
64778
283248
158471
84080
54862
404093
8732
11031
23431
79415
6382
3998
286256
6451
858
26984
84283
25888
55808
5189
10180
5569
54480
23264
8602
64798
150472
55296
8871
5998
54948
374986
55068
7351
1263
84938
5743
23029
6342
4017
7745
5190
55670
3227
253725
1998
2195
30851
9310
4810
28960
51752
51759
51012
339745
3841
29969
83939
29094
91624
65258
26290
10231
5780
5724
10023
651746
3685
9677
56884
517
3916
90121
10476
90865
23408
8740
8796
4644
23008
140775
221421
84146
23616
2139
55720
148327
11001
124245
8630
83940
157922
8140
10943
169714
81502
5121
51154
51247
80194
540
25816
2760
285600
2584
387032
27134
3714
6832
116143
58486
79879
64756
11108
123355
27175
113146
84280
91522
146909
8844
26065
3759
7857
4595
140886
79169
79888
51531
55344
54928
80231
121260
51339
286887
6948
79602
94030
10978
966
57728
119710
148741
2764
126074
125150
80312
10020
374659
81533
127002
6574
10402
7764
84954
376267
9545
23061
27250
64410
56650
23522
203069
51454
8227
29789
255877
6751
55973
9136
9833
23545
317762
150275
221150
79042
283989
65993
644815
408050
4514
80018
9053
10208
8341
57701
114822
5264
56929
5734
51081
10962
80746
9603
84926
8331
51493
55681
261729
27245
23325
29998
10436
51129
9139
984
23196
51093
64764
2675
2734
8458
130617
51347
55787
2651
10447
91689
2241
51310
84688
90580
121274
54468
2262
54704
4337
10206
57050
5890
64755
4094
1635
55620
83990
25829
23589
79901
54502
9798
5534
115817
54505
26085
51106
26010
2624
93986
23158
83716
9758
23353
55573
55669
54812
463
90990
10479
80128
5191
1820
64746
11178
130162
23127
51646
10565
7620
5266
6284
79675
6560
29934
9493
55289
10428
140461
55325
51809
79856
78987
1781
5999
55687
3909
8821
79834
64429
51134
54014
55322
10420
115294
116362
7347
26577
51224
80704
29
6652
84811
7294
83443
9684
55004
10766
145508
23556
8495
79977
344787
23287
51727
23658
7464
10278
5099
10361
10767
26230
10044
201254
55214
148266
51742
158747
116113
203228
3156
29803
54681
692312
55667
2739
7881
6683
28955
65124
51196
4938
84684
9973
79369
10600
79607
8808
29994
221044
2590
55205
5476
57476
24139
51021
84259
4713
10443
150094
51429
3417
79932
10541
85456
23119
55501
127544
2595
22911
79726
79178
79442
85395
81034
4707
92335
3491
140576
678
348235
11017
92667
63929
85378
1337
4649
94122
4168
11342
493
54974
85415
9880
79892
27042
1537
6834
3382
80331
2987
25941
22936
143279
10622
27109
2048
142940
9235
63892
23378
28969
2045
1944
11064
90417
9718
175
9985
9120
6399
114876
84219
1983
27090
10362
9736
221078
1477
10440
29951
63897
2000
57662
54780
84937
6909
84449
51131
8438
6339
23395
9600
754
10137
51244
79074
3099
144100
7763
124454
2036
132158
23516
51634
83874
5817
23038
8853
25800
26032
7718
221079
256586
64710
5193
23207
4249
5587
4925
134353
84448
3632
27293
51504
10170
51575
283933
5920
101
55201
163087
1456
3151
3727
124583
118487
63970
4246
81606
51088
23401
11188
55084
284656
197320
2937
22797
493856
55677
154791
51699
5345
79867
54956
123169
79400
240
5054
84932
8411
65108
166336
6231
92558
5372
4781
9572
5333
6442
4967
59338
124808
64599
3757
84189
51447
84858
3034
129804
29992
9807
168451
80221
1112
337876
26960
57511
283385
114327
126003
645
21
6992
92
1889
199746
148103
340719
54799
83719
9091
5277
7348
93624
3036
94121
55954
7556
2193
124565
54826
58485
55907
4696
115908
64838
93210
57456
7991
55906
11333
64332
6533
26037
140459
55227
387856
9569
51528
55621
147991
55870
54475
79648
7727
266812
80205
151195
26235
60468
65061
65250
440087
55582
8882
60401
55757
2121
64114
6905
55777
56267
79073
9034
1830
170384
50650
196463
9088
79956
3157
252839
11226
83786
22882
51530
165055
9562
55374
54790
81554
3764
51696
84524
8969
51200
22865
54903
51067
8348
8879
7746
10537
5027
10548
146712
54795
283237
51523
285203
54809
403341
10444
8434
57700
57554
3357
342897
83641
80775
23102
84934
63934
115098
10455
5083
11238
7076
4519
6302
79841
11147
84911
10370
9026
8559
129049
23503
84896
5142
93099
6100
79029
55629
9244
7564
90007
80063
55843
26355
9296
55224
4338
115560
55435
9125
494470
81839
2936
84899
83547
221496
51157
27304
2277
9170
29090
10083
64072
29915
92840
402
286451
57180
7621
8942
51163
55013
116447
6827
64432
25949
27330
54496
66000
81605
118987
25852
51124
8883
23354
221656
83638
249
51274
10555
7739
57186
84272
836
6422
29098
114879
79183
91442
9896
63979
23052
11044
3889
55157
23230
3460
29057
3416
410
2588
101927446
143
122481
285672
79993
10287
360
9895
375593
9712
84629
93323
8643
3625
93134
5168
11273
5283
1723
65979
27113
10780
374354
50615
6397
55773
121053
26285
57523
55326
79798
51406
135398
66005
340277
8369
79633
9887
115
10244
90268
84951
1316
7216
25864
64866
64407
6448
126433
139599
10469
55846
3454
81888
79676
124402
221785
51257
7145
5775
54920
91010
7837
901
84067
83660
9917
5639
8612
168850
493911
126133
22859
205
624
84525
7922
114791
84267
79763
6668
54058
342667
29097
57184
341640
23259
91875
149473
7984
132001
51248
388650
284119
139285
55295
10196
8209
79794
84864
54439
7029
283373
3658
283870
1522
5818
55746
151393
128
5019
9079
3013
57573
3934
3425
5754
2774
157313
10063
2694
27031
56995
26005
8872
121642
57496
5447
2794
7625
8019
79078
135644
115201
8974
4883
4880
163882
54436
3363
440026
1106
166378
2016
63935
23598
54455
55329
5004
55266
225
8541
55680
144404
54149
6883
127255
151473
10066
1604
401447
5654
91147
83549
54466
7978
2581
9110
9123
126382
166824
2826
51655
92565
7701
143425
3633
8556
50632
9144
22955
3421
6729
2729
116987
389114
23070
113026
5428
11232
85313
10050
60370
154075
6252
166785
833
23678
8632
84138
55614
57148
80224
54478
8310
54997
55297
1490
219699
51023
22800
4943
6863
23060
23072
51651
27253
9377
55330
9640
90809
3174
22889
64097
259282
79778
55352
112970
83667
3213
54469
2157
7477
3552
25996
2647
64743
64374
9399
3475
5275
10380
10806
55125
57125
139324
79600
8399
2004
50626
5169
90987
55656
399
92181
79663
81577
55031
1138
80021
8857
89932
160418
9913
221154
60343
51271
54811
221692
790955
54328
11018
129563
23241
8329
23261
2677
7461
57480
51611
84441
7504
123803
2702
10272
10948
8859
146050
283455
6487
89765
83752
84542
4285
85443
23082
79665
147463
58513
51125
80725
1353
10424
129450
83440
26205
55568
25813
197258
79048
5636
10493
51473
84968
79943
57560
653583
9069
7166
57688
6752
6300
5224
11153
26470
57514
83658
25957
1366
29100
22883
55959
1774
285489
85476
10435
79642
51218
9929
55280
7862
55034
5783
5164
152137
474384
10245
2653
2638
7568
51582
29880
10280
30850
63923
2271
79613
152503
84836
4916
27032
116159
51734
84188
5330
2582
94097
148789
201931
1066
51596
11079
286336
133619
64215
51804
23059
84193
218
5464
29980
394
55094
80127
65982
2054
9766
4325
5279
219348
55591
1393
153443
220213
51090
55635
285761
10322
83596
306
25921
23471
22906
56987
25841
23705
23254
84923
162972
5763
57654
64771
8501
10961
29071
57563
579
125988
9851
3732
54541
9683
55744
54830
26297
79651
55071
23275
84898
2627
51668
124401
115362
138639
10007
54918
9277
23527
57001
9922
139065
83985
152273
55778
130557
987
284716
9258
100287171
57162
56978
2822
80199
11092
28954
1910
84986
63939
23011
9064
1047
84881
54497
140469
27440
8646
51321
84318
7748
4708
9550
2041
58157
90113
137695
6341
9122
79135
28991
9630
5305
25851
127495
85413
729991
84870
26027
4947
162394
55101
375775
11054
51060
79706
23074
8490
79661
283358
58475
5174
729830
1945
10090
1285
113178
51119
7733
203522
165082
956
55813
57336
79098
25870
4552
9697
23138
4351
10205
196264
28951
111240474
51077
4881
118426
51534
25821
55937
441478
26115
91653
23218
64800
7767
83636
26507
132789
4314
10434
1465
57105
5269
114294
89882
10591
130872
84274
64061
85379
100423062
152007
80895
10144
4712
10087
160897
8745
60682
84266
10810
4357
58499
222068
199731
8638
6003
65987
54982
54665
80142
388701
22852
9617
51706
10652
64283
727897
25983
79954
93343
5570
89848
2239
84501
1890
90
91750
81545
79068
57536
9826
57515
153364
64131
392465
64118
1134
84888
84874
239
90204
59307
10717
64398
57677
57605
83852
23646
23576
84795
400073
221908
8013
9465
706
10199
285180
286205
8995
84885
5007
57479
1429
8092
54951
9874
10587
84904
9832
54968
10072
3420
8754
25963
729540
343472
6541
23635
283149
5284
152485
636
282809
50515
1719
3695
54858
7349
1687
51011
388962
9635
84301
219931
26118
199777
199920
9855
114800
10520
345757
5348
814
145864
54822
9238
54905
4038
55347
1365
79174
114785
79070
53343
8544
79658
56122
167465
51251
6678
346171
11264
63931
4709
343099
9885
51409
158586
8690
8800
55593
2879
54952
222235
9771
144577
64901
51206
126298
147948
113444
91461
85377
98
284996
54978
91056
23358
256471
6351
7574
10335
126669
79634
100505555
29801
6553
8675
192666
25771
2876
5613
160760
6387
92370
91807
79180
84803
54981
23129
157773
338707
84905
431705
27000
57217
92689
29886
100101467
8321
115861
8970
64806
154007
122704
347240
2070
2592
10553
23506
4323
4640
23417
8322
23593
7743
9423
374946
79175
79827
23443
57489
9605
6903
7021
57222
388536
214
7122
6470
7553
2152
122809
57091
4121
23317
6821
64077
29901
8846
284992
57153
127700
128674
133957
54834
23315
10201
54510
57494
84614
1946
84243
94031
137964
55745
10725
8729
29105
51373
8435
79690
89795
1644
206358
126231
55534
387755
2941
2572
80129
7760
9535
23704
84240
2741
84651
11282
6171
80325
51364
100532736
375743
65062
10158
392
1268
57574
3775
4509
7712
255919
222658
2686
10296
64288
54901
9905
5078
26231
51315
440689
64801
8934
112479
8334
9180
79019
25961
10861
105372824
11142
283208
51075
64427
10345
79056
125170
28974
11158
57458
25917
10203
115209
91408
168002
1374
10391
340371
154043
23151
9836
258010
148523
2990
346689
79829
8635
56181
84680
221545
79660
79631
23305
22864
57176
963
57157
8572
6273
22944
26267
51181
54555
2902
79989
80271
90019
7694
613037
1657
400818
25914
954
3606
27180
54798
201255
23096
6713
4752
388115
50
10157
51230
168620
4820
200576
1795
337963
51337
116224
2178
157680
55750
79739
220164
10139
81563
55332
25927
617
219402
8637
64220
7738
26099
79725
2135
23167
5596
6665
57182
81566
1136
1351
124044
8722
27315
57095
7675
4060
116983
5924
124359
9619
92482
55270
3422
169841
5253
56940
7542
4125
2395
4250
148867
54853
4257
84924
4147
10867
375341
6051
26520
9398
54495
89801
197407
55784
50862
9860
90799
80303
54960
9941
100506736
63951
80139
166379
9672
26022
10076
128240
1318
6590
10602
55628
83861
27178
63901
10302
63910
10840
84302
23463
1308
8613
3600
9639
3400
7162
1265
51304
92822
137492
4124
9409
255394
80000
129080
123036
121512
100037417
163732
128553
124935
115004
55312
9721
57696
2619
55179
9819
6509
84553
9988
129138
84909
22903
85453
51715
317662
221322
55486
90736
1534
55848
26469
85007
6319
353274
92170
155038
55776
54807
56910
785
10800
1645
56889
90871
84696
55830
5744
285237
727866
51710
79031
116496
79934
6041
147808
7596
122060
64221
6000
1939
4882
57569
92017
1101
161823
23232
51312
91942
94059
9130
57556
1953
100861412
22846
374969
79884
56938
25966
285193
5017
4600
2817
150709
9881
9655
3631
3354
84331
11237
5858
126208
6405
5203
85406
60559
4129
57590
128061
29985
51022
91074
339231
3224
79053
1812
85013
341359
65981
78996
375748
7318
57711
56603
29944
132884
57102
346157
22843
6610
64925
219736
6902
147657
55002
6358
7633
7567
84144
55601
4671
64411
80298
284086
123228
404281
56163
80315
84626
1140
90321
27035
10811
57478
5008
57333
83479
114659
25976
9728
23360
80243
5005
401548
7705
10269
25994
157567
286257
135154
147138
161882
57231
51768
79969
11118
79669
146395
8479
375444
149013
10791
10384
84327
115677
132949
8802
27314
1040
7373
23533
5130
158135
64115
116986
54516
7436
9381
375387
221302
79674
81558
84878
83930
1593
51316
64342
92400
1131
23550
219844
114897
22904
501
57547
56676
100526740
55180
10965
27141
80210
4537
128434
10103
29887
3781
51114
401190
55151
79156
283234
220
7699
57608
64789
27286
91749
10308
26034
201562
55856
119
55118
253959
79918
25861
63917
6376
80148
2745
29923
54857
57577
151295
4199
84253
54946
55256
26503
4983
8809
29080
54756
57198
2560
23300
11145
26108
2645
57620
7480
421
55225
79083
387496
131076
203197
79828
100272147
285282
9858
84250
79947
219854
128637
150365
89846
56917
83451
8225
1004
6571
344148
1120
84514
91133
22928
55786
641371
51228
7264
347735
163081
27085
171586
4821
169792
56944
51246
653489
6373
283337
7368
84817
113220
3918
23659
8398
1396
89845
64718
91433
145483
348013
56255
93627
83989
90952
23228
11219
29995
23761
9501
4520
10691
55654
55608
883
9022
80146
10631
24142
9744
56034
283927
138428
27153
84681
113675
51062
81025
23149
84947
7127
79684
1798
56898
83595
56947
83849
57460
157
63926
221091
64067
80851
151354
79691
9749
79591
392490
79982
4345
117248
80114
414918
22798
4976
1520
113246
200030
1132
7716
55351
23456
10371
23483
64089
284352
85235
22937
7056
51330
10350
7752
114905
56681
6120
55890
84895
27249
2531
221061
84873
55160
3955
140688
83937
284323
80324
122961
8460
8581
9547
55184
171177
112
2254
90407
284611
112937
25984
146542
3628
6248
9679
220042
157378
4828
10327
126272
83648
102724488
90835
9289
3145
84236
23590
2644
9488
50487
79017
9514
51118
1489
196883
388403
57048
8427
254122
4072
79647
6920
2538
30820
3751
254394
654364
4241
220963
1185
55334
200523
219899
5176
22801
120425
388753
100132406
445328
84057
1364
9925
285172
7592
9746
115024
6697
65055
3338
255027
5875
56548
80255
10871
54841
285671
55319
84316
7058
3574
83758
79949
9050
51728
55088
11099
4939
403313
9315
57683
3664
84451
54943
160857
55055
154467
2519
134728
22999
4016
89782
123811
151313
58488
165215
133686
55051
54856
54344
8623
3077
55196
11230
79612
548596
144568
27294
149840
1303
64766
6414
11253
56951
220074
887
266727
81688
375449
2719
50944
54890
10330
63877
79831
80219
80724
23660
6425
255520
64760
22873
55966
9765
100506144
57017
55112
114826
126917
54942
8842
134111
55108
402055
120114
55245
102724307
3779
26048
10732
375757
9654
55105
10026
342926
1002
376940
27154
4586
55727
152579
121268
56261
3938
8416
5271
23341
219285
387923
57337
57103
9552
7769
23432
260293
282969
4694
6698
79744
65243
339451
4668
9215
395
83891
23529
494143
1009
2537
22847
51084
83872
50964
7850
389799
55544
7543
4982
8482
23554
9982
2650
340273
84230
55262
8395
2030
80208
255252
56675
6940
414236
65251
84064
10655
55255
8642
285381
9028
10349
112609
64386
130026
10804
770
139322
143872
79140
7639
55228
474344
374928
51174
60560
84065
79582
84818
8659
1350
3899
54432
79912
93663
253639
54784
4636
441531
4248
375035
91612
90527
83699
7100
54545
27106
957
158158
25833
318
53832
90673
123016
348262
23507
114784
55567
3762
93587
84337
6649
55711
80745
80345
84933
136306
123263
286319
285636
7582
339122
440138
64430
55974
4682
152098
222236
51703
4330
80183
5972
387640
286046
144406
246
149076
400451
130951
134510
9830
55500
348654
196383
57722
57188
101060200
57721
89887
221960
5373
51117
83941
8714
23252
29118
10568
727936
166929
57497
91894
8320
192286
56890
4440
55862
338322
23150
340578
338699
254531
23398
284391
726
137872
152100
25837
51004
285498
114987
25912
27165
11343
80168
51058
29906
51102
347862
340706
549
90522
63977
117145
259230
55144
284434
163486
23366
497661
8704
256356
8818
2134
195814
57224
84668
57821
64344
389206
4968
83473
3352
26112
26998
29799
125919
55665
51805
51059
114804
181
115584
53349
100529239
79366
80162
128338
375033
9731
2878
10194
199221
391356
127343
246269
54832
88745
885
53942
56954
57213
134637
160335
6725
55248
339324
112942
135932
399726
342184
9966
51110
10581
85360
148137
55902
152
117608
7637
150372
116843
79755
338440
150468
196740
9159
9249
554235
10216
101059938
57549
163702
8989
5136
9489
90203
11070
7976
55194
58986
29965
51155
81493
131408
57452
734
1349
84187
26279
10316
79192
169693
8605
54537
1389
54454
5046
283871
80169
140733
80070
1139
113791
55751
112611
7940
55206
94120
54868
80209
79800
10660
253650
7634
144245
7544
400566
79413
8609
23767
55239
290
9710
2819
3141
349565
79153
256643
84765
51167
119032
113612
105374836
54674
54558
619279
143098
55760
158293
55192
84288
112487
35
443
5444
84034
389203
83943
91300
90075
3680
10588
84570
79758
8840
6580
57453
23007
9663
340075
124975
10219
