4116
3187
4864
340061
1063
6840
257019
539
2908
6421
4289
8836
3459
6472
80279
3728
23327
83987
59345
6059
5684
10946
8604
23380
8841
10009
3857
5460
79833
79008
134957
415117
11335
5591
90025
51072
8723
58533
23468
3921
10765
8535
7756
1434
7157
4851
51434
5881
10519
56262
1880
54165
51649
8481
57534
6950
10971
9782
27185
10127
79666
4914
51608
5931
5252
3832
6228
26064
80179
10273
9531
23633
4171
85440
7415
1869
8202
9601
3106
58517
8353
11133
55140
10523
322
8452
6201
6780
10527
81608
3981
63898
5500
3577
983
8539
3064
26468
84304
332
5501
6748
5108
10112
996
23028
8676
121441
203068
54815
8350
5905
10482
3964
961
55133
6119
1387
26039
8669
8667
51619
55611
39
4163
114548
723788
3615
1213
1454
1080
813
196383
284004
26580
8409
26517
1678
4214
6137
1994
8496
5976
1938
27316
50618
10013
84955
29775
10298
7529
64422
79155
8517
161436
3178
22827
5682
11047
3550
151613
5518
29966
6872
2353
57120
5970
4034
10910
55003
9045
1026
10399
54534
6182
4092
93
9099
3949
5869
2664
10075
1642
3796
23363
4208
7534
10097
1212
54972
3309
10681
3316
6418
84248
25807
10618
1385
6721
2521
3190
51018
79959
6275
6813
55215
8454
10342
4793
81930
3320
1408
3276
7068
4174
10492
51043
6667
81565
137209
7249
1612
5980
9759
93474
55212
7203
7307
25988
5360
200895
10483
6850
1478
6102
8899
6628
6901
374378
7283
10694
6155
6134
8189
56916
5925
4904
48
4597
1488
3146
5493
10768
22879
64601
9774
51535
54464
22948
55355
8360
10594
5930
8738
55367
54941
3716
7321
7186
28996
4204
23318
79901
1627
672
1025
8440
8312
79132
3692
23178
164
84081
4641
51133
90507
6050
6386
1655
207
55967
4701
8837
23451
1017
2317
11171
7514
2176
201254
22861
838
10128
140458
5110
6199
960
4316
10528
8342
57062
5598
3329
6733
147339
2335
10949
127829
7388
23400
4886
27336
51428
5595
8751
7329
3725
9202
6613
55183
133619
51143
55148
8354
677
94056
3171
7088
4436
28990
51026
10963
8036
22808
661
10623
10980
8148
3895
93380
7410
8651
11140
282974
2186
8362
57409
5468
324
8888
9657
10477
80304
53944
8493
3014
8161
51700
9820
2108
5499
4774
55294
9477
23170
51547
9678
84105
27067
8575
7316
1173
6626
51637
55832
3065
57621
7965
54069
988
10078
7372
1649
51082
51616
6884
6001
382
664
22907
3608
2806
55011
9919
3091
4609
57085
79922
26986
4738
7525
54891
10856
4790
1999
6640
57692
7094
3184
29127
94081
55623
54517
79018
2668
2091
54865
4627
23603
4763
4293
24148
5071
331
9131
6875
2957
10202
5245
129831
4298
79577
8453
5430
26270
7311
11043
147687
2932
23678
1856
55791
51517
2033
1859
1956
722
79009
6895
4093
4089
904
5371
112939
1031
60492
11345
3032
5599
24137
9055
23193
7014
10951
84787
1436
6714
23435
6147
10161
9735
1717
26046
83933
9612
10048
4233
51602
23552
6794
9694
337867
5700
9097
10714
1108
1729
7411
163786
9338
22897
146057
5894
9869
80097
10036
7532
572
6281
645455
90060
54433
54509
94239
5433
9646
9818
129401
2146
5469
4832
4522
6789
158
55154
79888
5738
967
6711
5631
7314
10890
10114
7341
51340
55837
51741
9474
10291
5034
30
441150
3799
27352
5879
2909
80306
29978
10250
373156
1650
8668
2296
6299
55749
84759
701
10393
83759
5936
9043
1974
6599
56829
81622
25844
9217
56950
5128
2130
54908
161582
55507
11311
10055
57562
2804
81
9564
7531
2288
6271
7325
6175
5494
9275
6760
51222
25925
93643
23469
6829
79882
3837
64130
8573
5954
399687
55193
5685
84524
65265
5725
5411
3875
3958
6130
85403
79101
54148
84311
51283
598
9530
4776
23175
369
3326
6045
6185
9589
64210
102
51773
100288695
10061
5597
25920
51606
85451
2969
60493
92906
2885
1639
3313
27125
4297
6907
81628
408
8726
55131
25885
5202
84708
51042
22983
10556
7515
51776
841
10210
7419
4843
5695
5320
90410
26146
6117
2189
26043
5708
7528
7979
10664
8243
113130
10014
2746
192670
997
22809
8363
8968
57504
5828
10733
1107
57510
23612
5714
10015
3428
10772
28988
55785
22889
23390
1977
10989
4301
55366
4691
23076
4791
4792
4288
79701
10082
468
10970
1789
5833
11120
1399
665
6296
10919
801
1159
5290
2776
51527
5824
1915
26747
2820
23386
57565
10474
54093
23549
9882
1778
51652
27183
2023
22992
27043
330
56616
8924
8891
5025
8355
8294
4869
55153
51067
26995
5424
23409
4817
10411
5903
56243
3281
79017
7257
7175
546
7112
23189
9984
4216
7391
10621
7917
51193
149628
8361
81539
11261
57082
79003
2002
9314
57584
5711
5395
966
6775
117157
80311
55755
25
57122
23020
9636
5859
7030
5707
54472
3556
55168
57693
58480
286827
10049
22938
2742
5311
83903
90293
26258
55093
6015
4173
5001
7301
107986084
9128
51729
84816
158405
4191
2272
6885
4217
10916
3315
7381
54840
8815
8766
54536
23524
6449
10952
79869
79571
65125
998
7156
10540
6202
27161
10238
79657
11321
9611
6709
4221
6385
5209
9113
6634
124936
84197
604
2846
4172
5000
55170
10809
23397
10131
79085
90362
892
112950
10458
2077
200186
1796
84268
6156
6416
4077
113878
9821
1739
2977
10241
7916
26354
11119
11118
648
55692
8664
84445
2065
55069
22832
9031
10155
56257
9092
27237
93487
5511
2634
57332
1937
3159
90957
2597
5520
8878
4599
8266
506
7284
56674
79980
3980
7520
26036
80772
595
338785
23242
6118
9975
126526
80145
5594
4751
4209
5929
23185
7170
1147
8761
908
55844
6633
64326
122769
1656
653121
10460
84282
8065
1503
3996
387
8939
10419
4940
3720
23493
8945
5873
154
51562
4176
54540
5116
51780
1663
124739
51422
84292
26121
6233
50512
2079
4927
55308
5564
55178
5152
4798
114609
23345
7023
4193
65065
643641
1822
9253
9688
6868
317
3188
26058
2261
3312
6187
472
54953
10134
328
26511
1039
830
25906
9968
25843
85369
8850
117143
8352
57636
142
1207
6637
55610
27333
7706
5522
6949
6741
267
3308
6128
5049
9342
3480
10111
23543
6311
5515
57599
112858
580
11130
58472
6144
5521
2800
9044
6164
5702
9219
84612
2801
5036
4188
140947
9987
11059
6498
3030
6235
7384
2810
2887
57520
4067
79585
6217
9793
26015
10632
5681
55054
162989
5887
26053
10432
23641
79618
11328
100128966
554313
10385
51720
213
4005
10598
25890
79035
58493
10987
5317
51377
23513
10397
25782
64848
8562
92106
54535
23636
2888
1613
6938
124790
7376
6257
23239
11338
3191
128866
226
550
11236
23043
5830
8528
10376
6671
4899
55722
6427
8772
7297
65057
126364
8543
6925
284695
9410
6195
29945
8697
9656
29920
55173
101928160
9875
6655
310
27101
10498
54187
5593
10956
7184
10529
5987
481
22976
5287
6224
5584
8470
9063
7266
9777
22908
4702
818
8450
6157
5978
6601
4292
1192
8737
151194
84466
5782
10051
57727
1073
71
64431
10480
50848
54872
23031
10575
8289
286262
2316
10915
9931
11176
84859
3671
293
53981
89941
27068
4773
1653
55968
11124
10277
84993
6208
8683
10236
9371
10204
3185
1855
5467
6772
8662
7343
10010
3838
8614
292
55658
56254
9532
55719
10133
51499
25939
84726
8665
4670
1499
2064
708
8366
6605
2222
11007
23270
5983
2274
3399
7286
9910
2769
56893
6692
8467
81620
9958
10592
57695
667
81027
3024
1058
9801
9730
4734
3096
372
55660
10346
10467
2886
8428
7248
5747
1051
60412
2961
6598
10724
445
57171
6198
4686
50807
143187
9482
7188
56945
1407
7533
22919
5498
51564
64375
23411
25793
56852
5691
8607
9218
9527
7178
7323
81847
57129
55052
3082
64919
4134
6132
6168
63875
26994
7153
47
51647
23650
8347
8621
84790
4055
79635
79654
55664
50855
5607
6451
81889
55526
84309
9470
1978
22927
25791
65080
8803
5928
55957
8565
6715
162427
51474
7464
84959
7414
5692
7037
79072
27330
11161
8335
26168
817
168002
3622
25862
55149
4771
1736
92345
54434
9411
22954
9413
49854
23013
5771
55709
3066
5573
84978
51343
868
26003
3192
3554
23365
8777
59339
7322
1270
54821
79786
63891
28964
9001
60528
9141
55109
1154
4087
3181
22998
11060
811
6919
9698
55971
5565
2058
9140
3068
6749
9274
5885
6222
1050
5495
11215
8774
9129
3717
6774
10607
23557
9737
6908
23177
1487
10524
64979
57596
9146
55364
9775
6129
9212
196
9049
220134
5586
112574
9877
6696
8975
25839
821
64343
142678
8786
22870
9181
113115
23588
54625
27252
51592
5862
2319
79803
23383
65003
79784
3205
11168
144699
23173
284217
3673
23283
5716
5718
9967
23499
27436
1163
1018
4141
23272
7009
29956
8301
27327
79902
55626
23192
8907
2120
5585
3992
5745
25953
23355
10929
10668
55754
11339
5337
9406
3055
3572
83737
23559
10580
96764
23640
3297
466
79968
6218
3216
1198
6595
3609
54934
3607
1543
7189
6205
55646
57092
23476
3575
2060
51035
641
64682
1432
3005
11275
8290
6879
10549
54935
5829
9584
55768
1654
84823
30849
6197
10454
26164
23405
79913
7416
55094
552900
5093
28952
114034
51009
84447
79948
6139
5129
118980
4175
10567
6464
3643
2875
134430
8351
55603
51684
27148
79139
4800
1386
2935
56259
26024
4296
5783
26993
4047
25814
23521
150684
6310
10551
29117
125476
64087
57521
8663
25792
3836
118472
23191
221092
8826
27131
23184
5335
84893
57002
8368
8650
6434
51295
23112
25788
10179
22916
5984
10658
599
196463
201895
51100
56904
93594
5590
5704
5610
2617
57396
56963
10018
65988
4854
79446
7011
5877
64960
3383
27258
2730
7390
5286
146050
54039
26128
54778
115548
11198
23764
81926
51160
84164
1936
5888
54904
2287
80135
79159
2564
9236
2118
9867
58525
6606
89849
3198
113523636
81550
84191
8106
64754
84284
2011
65018
80020
11154
6648
54819
55771
79759
705
51663
7536
7324
6122
2869
9961
11269
51003
5436
7913
89953
253260
301
23054
4582
10574
6389
64855
57473
11052
2185
11035
9070
127294
29110
10521
9643
7541
1129
8314
4711
23385
3337
7846
90850
2307
93436
55081
25886
211
441518
64121
654346
55110
10363
27107
84365
55165
160
23234
10617
29082
375
6801
29015
121504
10284
27351
6867
10576
23517
1196
23326
27044
57187
6809
7159
100529063
4000
91107
5163
2720
55916
79768
83659
7082
6229
79876
1643
6836
79001
25936
6707
7133
6576
9463
26278
23198
4282
55589
2580
9817
5435
9733
6135
834
8835
7067
5451
3910
10328
9457
100534012
124997
55892
7874
4733
9946
9700
7132
4646
54554
6124
57619
10336
4780
5604
22807
91694
57646
51447
55704
3920
25945
444
10935
8649
55342
23001
3133
118
1460
1777
55831
57459
6566
80854
5728
6125
5198
11331
10099
1456
406
9575
26259
4628
6209
3028
56993
3301
58500
7169
7019
55026
338692
8677
9588
11200
5393
81704
196441
25942
26035
8567
6830
10413
10024
54971
55048
103
6764
1982
55898
8471
1508
10038
26100
8370
55596
3856
23135
51010
200558
64748
10988
9111
51444
4736
55602
10116
89853
54739
4671
3045
6732
140890
326
55810
83855
2625
84464
2517
2665
60509
54438
8439
5719
5687
5886
2305
2309
3621
238
114793
60489
11001
5050
5690
3860
53371
55425
25836
8930
114971
125115
6999
5966
51588
10542
10476
127002
1388
7057
1280
5516
10552
10129
991
51127
10985
60673
55388
9709
526
5878
55905
84851
2071
1428
9513
25873
57533
219541
7538
10253
6627
9879
10153
6258
6249
3169
5204
22980
2354
10755
6189
79096
11129
26240
63027
11103
8916
10994
3611
1468
3654
51070
89874
10422
51187
221120
9318
4513
3581
5140
9785
90480
637
10318
54892
27072
55014
25901
5801
55177
2799
302
51719
1072
167691
80781
8337
54477
23229
9401
6929
79960
51147
5230
51296
2260
6461
999
51593
51375
282991
196403
23162
6602
51162
27229
3303
9810
3148
2547
6607
51061
8536
57118
221895
7090
2034
7984
79663
311
55040
55240
1453
79839
112869
3008
6161
28958
58506
1027
1431
5437
9627
80777
617
23683
1121
55226
8763
23438
90933
90273
57498
8091
57189
2355
29079
26156
9784
29104
55703
2931
65005
7084
9743
53358
4750
5581
60312
490
7163
7165
10640
163126
8887
729852
3839
6314
58477
373509
9521
286053
5705
56886
128308
1203
10423
4728
4724
26130
22820
492311
8805
7328
54206
8893
10254
84456
6597
3726
488
92736
57645
8175
220988
7332
79751
8379
22981
64983
1659
5933
51366
84643
222484
57449
373
6615
10188
9147
92521
7709
1788
7260
85409
7039
54443
989
55324
50813
1964
3872
2671
54858
23352
498
192111
100874074
246330
8208
2237
8445
11315
2821
9425
3672
5686
23647
7167
4794
10569
25828
5611
80198
23255
10170
80727
8570
90459
7884
55668
9798
51726
55139
10539
85015
6294
9349
55871
51105
3275
6256
23404
51013
23511
64794
4302
1314
112724
3419
5052
170506
161742
23295
2177
10615
284058
333929
4889
51255
51378
4236
4926
27349
6428
642
51545
84060
26298
2487
5536
2768
51744
84270
7041
132320
64770
2107
283349
23584
57650
5300
79866
5876
1741
84858
5934
6502
7507
203286
58497
4830
64927
58487
10109
115703
10783
11113
11073
54976
27238
64837
8681
85363
9918
55197
10973
50937
51264
88
54984
23334
8936
10206
396
6152
3735
56648
5777
6752
57474
221937
9451
65056
10445
143884
64333
7334
10146
55379
79718
5562
50804
64841
56897
29761
1911
9328
112495
2771
55662
5546
38
55120
199990
10868
26133
5710
3093
6048
56931
84866
10928
29844
6500
3782
23186
871
5683
64145
581
115426
51341
55421
126961
6477
2042
805
29115
8648
1525
5292
27115
200081
6432
90864
8099
8576
1312
28981
80817
928
6204
51324
91647
7251
90678
55824
57805
3954
23492
3398
6647
57466
10969
26122
9169
375056
55311
86
8295
135228
3965
124801
5178
9372
23410
65008
219927
3009
6632
94005
10213
10514
253461
9416
8504
55670
81844
26057
259266
80764
5884
23466
51692
23288
6390
127733
254427
51548
25956
6303
7001
7317
1182
25825
2784
9628
4678
7818
140707
54998
790
7164
4893
10490
2770
50809
23062
4528
64963
11284
83858
5689
8894
84186
10094
5432
57117
84062
84134
51678
8764
3742
3699
283431
2289
51435
1785
4659
8674
10228
8892
5906
8794
23558
6653
284654
9911
10138
63035
9525
23085
3551
2197
54765
5090
5935
9935
8402
6286
55732
55667
139716
205428
2959
27095
122553
7589
84307
55742
115908
57798
5693
11065
23335
23312
7128
81858
84516
54785
55740
9948
57488
5603
7205
9883
91252
94120
53826
55142
25895
51561
9908
55300
10534
64853
10412
9391
55966
4695
2872
8861
79871
92421
3092
5195
5915
65993
54888
63932
541468
8031
115752
85021
96626
8079
1832
65059
8971
55699
5303
8688
9972
2962
55691
83879
7268
11179
5579
9610
10614
57639
57506
3310
80700
79058
57465
54919
118881
1874
1727
1528
3661
2923
10466
91949
23770
9861
23204
10058
5528
5531
5064
57228
8500
23271
55062
55636
3183
2926
6786
84108
2737
7270
6426
51676
5361
2017
644
160418
133121
134285
11194
8365
26999
651
1828
10898
2898
6429
8405
55114
23164
11157
3251
7263
23367
147872
54996
728642
11051
90993
221
23780
574406
114815
6272
10487
191
5226
10673
153642
55715
10207
9076
22890
2956
3364
84733
22881
55201
57169
9419
5336
7417
29078
51079
54931
79664
2010
5787
5519
9112
29979
140738
26127
23034
115353
6227
85439
80346
8318
538
53335
7025
9188
7430
6383
64781
56478
3880
2081
411
55061
57192
5727
55216
3852
11098
9101
64854
10671
4779
91057
11159
329
55506
5713
5861
8553
10130
6047
10902
8165
286128
9469
79924
327
55729
51603
22974
8367
10735
84131
6712
10497
6624
29763
11196
23244
84132
27005
11264
116254
4245
54936
3939
1278
27246
84572
246243
740
9702
23005
55578
6881
8125
8359
9373
3840
222255
9040
6210
11224
6737
22837
5530
1827
27248
7327
8742
3336
60491
79780
9929
427
259
8503
65264
5315
4008
80143
124751
23787
1810
144108
7936
2736
4287
2067
79886
202559
284403
22913
4300
84661
51280
28955
10084
83752
4205
152789
2550
23281
51605
3927
815
2539
94134
55066
79607
7114
7409
5295
222584
3993
3020
80149
3156
79724
54955
5478
57634
6193
81603
8502
84656
5578
29843
6192
10189
7465
64761
2066
221188
6141
79791
221927
7841
9555
23673
5092
7798
4643
23586
54926
54461
90627
63943
7799
1676
387680
221613
515
896
64802
9581
57038
10844
51027
4595
126626
54927
23582
6453
83931
5481
3892
4804
56006
65975
135293
80013
22828
134492
9150
10001
26586
54480
910
100506658
55850
6723
79016
51503
55293
64418
64783
1973
9667
339448
5347
10616
1455
23344
10954
23753
7158
8881
3670
9354
10845
4591
117178
26973
824
6689
9361
3659
10957
60488
28977
23304
3727
54623
10293
22888
84908
50628
275
7485
83605
55116
3597
5218
6722
8678
84305
8315
126402
2
125488
1059
9464
24144
6230
1345
25777
51631
6497
1912
23111
257397
7572
9747
7903
5538
5162
57159
6194
5965
8241
9618
7551
132660
7272
10579
56256
2323
3021
3845
54828
64951
900
5329
2273
5094
1457
79020
84247
55274
9786
24140
5111
10712
2109
51257
29108
3712
10645
4673
5832
27159
84343
1355
29957
9337
8767
4212
8214
55924
9256
5701
26575
125058
55809
91748
11034
26001
29781
57602
65992
10653
8813
27034
657
5321
83548
64839
65986
11177
8085
9533
79088
92799
64795
84549
8898
201292
605
10726
51400
10142
65095
10300
129880
54585
339366
2512
1327
1629
6942
10262
10147
9928
87
7155
81892
57470
8658
84669
8717
10913
79728
5429
51704
27075
2648
5037
7006
826
2783
23157
55752
23644
55666
11186
3397
5442
10383
4706
90624
22848
10159
9738
80185
65094
79616
25831
25809
23759
79670
5099
220965
23532
8533
51253
4192
84128
5709
22850
5580
57546
60561
54629
3767
1829
10434
10197
57519
5216
9412
51141
65082
78995
8661
1211
9757
4683
7518
140685
57532
7586
7579
9518
27339
5871
8204
23329
5814
93649
4602
9526
100271715
3563
84962
6095
9644
5563
84364
93974
810
11193
2191
1762
51263
1952
202051
6431
3304
1271
23529
58509
10379
8487
483
9415
84928
116028
80010
55339
55086
202
117246
84946
4731
1186
51008
9871
125950
5927
84254
29093
10573
9486
163486
753
79682
23268
529
10489
23155
54870
1665
10629
6612
11104
80321
4722
535
3117
3073
55559
56339
29890
4739
607
5898
23032
217
58504
80746
8357
57787
9857
65220
29916
3843
10749
6092
3667
4291
5339
23729
26286
26155
55233
10672
6301
27291
7110
10728
9209
9135
55651
6625
56957
4074
26088
523
51693
5825
1315
51441
1958
4665
10992
55759
23246
5214
7290
80273
3703
27156
9670
51430
81875
3265
5127
26284
5601
4704
4723
8050
93655
5422
4140
9134
6136
7046
9392
51107
55851
774
6142
9945
23063
3512
102723728
8455
22803
6897
902
51510
1666
9652
22950
51807
7109
112609
4160
11201
81929
64708
54386
4082
9166
57617
1660
9126
53615
3959
7277
163
7813
7879
9559
4294
4760
27031
4867
334
29123
3104
26135
5096
613
5566
8976
57661
3163
78992
157638
9025
4222
2629
2150
79641
29842
2203
8356
55738
51715
79036
23265
23491
11030
23623
4601
4149
57020
54520
6878
7919
51661
8666
874
200576
84321
5939
23613
10557
7182
11072
5431
23126
27350
7337
23741
28969
1967
81607
8349
7358
9815
9853
55726
3978
6917
3586
22862
55092
1909
10181
8895
11160
23523
8520
403
3679
23481
23212
117177
5155
25855
56052
891
91801
83590
596
6877
11143
148223
4331
7681
22984
11183
995
114
808
405
5268
3798
26086
54905
59348
81669
5042
56935
6446
283229
5921
80176
79944
5655
10923
55229
145389
55365
26353
400793
9077
10421
687
25979
92597
4194
10240
64965
90102
374654
9894
23049
222643
51069
9321
7353
84939
9939
51260
8480
11100
7690
151011
126375
9846
4354
6728
26528
54861
51397
5932
10771
83640
5557
23216
22826
1195
16
84078
5298
10045
55299
8626
152006
9360
90861
196527
8795
51529
56851
10438
25989
11316
56267
225689
8912
2965
10211
22874
57175
5480
2735
5316
23195
113263
54902
65109
5537
5723
2332
81671
8364
5201
6176
84172
64175
51073
29088
54897
84872
23560
840
9203
5663
223
28992
64283
283635
23
374383
548593
6400
64928
2975
3486
3688
5532
91452
51322
55285
2339
8073
54602
4891
5423
7508
54954
316
2710
54462
2631
51112
140739
123879
1326
6188
9197
22985
29882
111089941
79677
23137
51399
286077
132
81887
221786
155435
3015
9093
9770
1808
79696
8343
57674
5902
148022
3017
23399
9441
10468
1997
6659
8192
6293
4729
1069
151050
55929
55361
5608
165055
80184
8915
7737
59269
60485
1965
8653
63978
5971
29099
10933
5867
79874
509
158234
22920
6049
60496
130617
9261
286826
3784
5600
64223
55615
92255
26509
6642
2149
11277
27037
55914
3691
51097
699
55012
2495
23426
1495
51633
9175
51386
5883
25805
90
23450
7052
84461
9897
340277
6643
22982
30827
9753
55888
85236
55653
146556
1384
10762
51334
1975
3476
79840
151636
116328
140460
9727
10817
9306
6196
3475
6091
348995
9632
5698
57715
27287
22934
79589
11074
5756
22880
257160
55250
23067
140838
84942
5550
51433
26227
5147
11218
2171
54776
23369
92400
6891
5567
9921
23091
23097
124944
55163
151188
2897
100505585
79979
1512
4076
323
9699
79090
55702
9183
3656
4306
7422
3306
83743
9459
387521
51635
59271
3155
78989
9903
55958
9813
84033
5236
823
64098
80755
55174
26173
205327
10657
9557
4361
126075
55750
158067
28998
5694
6183
54737
1500
6273
79777
1439
4841
4998
29911
353322
65268
55181
1838
51121
829
23608
143903
7386
64976
54940
5784
440574
4486
4350
150864
89910
124540
159195
3636
283987
573
5479
10270
79576
23309
84629
127544
10113
7150
64377
2553
2551
29982
10884
6169
10163
131566
10509
23534
64978
23313
6888
4084
6945
7204
9804
9114
2589
51292
2766
81855
5911
9934
7107
7494
943
79753
9658
4048
57461
138151
4714
84263
6654
55825
7786
10589
9686
7289
1102
1104
285440
4807
80014
29907
359948
25797
1933
55734
1155
4430
100506403
11221
29760
9577
4929
6154
5910
673
145173
54995
171568
56342
84303
3431
22794
22843
79171
79872
26610
80349
9343
9734
11009
9478
10390
221935
51596
6522
2697
2068
51495
9570
64282
7408
80150
4594
134266
27250
143
23037
84271
9367
10006
26145
7597
494115
54958
54873
56654
3915
55147
2132
115106
9590
55291
1164
55284
29997
9325
84231
80012
54531
79711
23019
7832
10758
51808
221504
27338
10651
51755
10602
28976
23060
79026
57684
2677
63920
81559
9779
145282
2782
2787
84294
9623
55930
56252
8518
23274
49856
2896
29984
57530
84233
4211
51388
55035
266812
219654
6430
10165
54507
129685
9021
54733
832
81873
91526
56922
23464
29937
140606
200894
4862
23046
5715
126789
55728
55327
23190
333932
723790
7004
2672
22878
1969
1942
3984
3108
6742
57418
23592
107987373
476
128312
25847
2314
55661
84707
10874
8706
30836
6745
5985
5706
80212
8906
8317
29970
199692
1397
22900
6206
55607
254170
64949
6910
7678
83892
139341
51001
9739
10914
23142
54708
51024
55840
4905
57551
8874
9252
10226
7458
84869
7923
8061
58157
10073
9061
2356
23167
10040
79137
23322
25929
1020
9158
120224
54407
587
3985
7295
10628
91319
51465
3219
320
64428
64793
56888
1070
80705
2059
147179
9842
27429
134359
26292
2803
57554
4835
2967
10656
1615
54205
51122
8087
6934
6158
54948
9647
115196
94104
51319
4775
54914
4718
26097
26512
64801
200933
20
84079
105369632
9616
150771
3665
37
10603
28987
10059
6455
55920
4726
387263
55432
9701
5087
10906
274
1523
23012
22885
467
4097
54764
51268
6510
55037
27335
11342
6776
5496
65110
148479
51371
2819
4255
7402
112840
7385
4661
10730
64400
3790
145508
261726
55863
9052
11276
3455
5523
990
6499
10054
28985
84752
84458
3034
23350
8233
83871
5781
145553
9213
10019
4521
9790
79705
26094
6730
5981
54973
55612
64778
2954
2308
1374
9540
7705
10481
8340
231
84256
10612
5033
10062
100528062
64777
116071
56970
79048
22800
54923
25983
898
23263
873
11107
55288
7027
134353
3434
31
8548
57381
728689
5048
55697
100137047
8932
56288
9901
140691
55695
6646
9682
8554
5770
9184
4154
2263
2255
23420
1540
55072
8273
55278
7171
79699
942
57626
23047
10274
51076
662
246175
9125
204
894
51538
285
57592
120939
51114
23065
2049
23348
339287
56946
7726
1030
284001
9324
208
6133
57215
3458
6778
3646
8473
151648
23179
14
3006
6093
5792
57819
4735
90522
4007
80816
2181
51614
10195
2733
90441
54893
50814
6181
9414
4026
9382
114822
51002
80344
84296
57326
9878
25822
10461
663
10459
51138
8260
64946
23530
25934
23286
4849
578
84324
7750
64216
26147
5796
11152
156
55970
192666
10544
8692
5445
23414
51667
1737
4931
4013
11127
7918
10801
84988
11054
404672
128178
8829
8394
2802
90427
5507
5509
2494
55210
8816
64426
23788
54361
4001
64241
197370
64798
1337
57600
201163
124995
3983
4605
57111
6996
25930
10611
585
2242
55859
5641
8673
78991
659
10409
11235
10025
1824
554
114897
51586
116841
1479
51300
25962
64969
8890
51727
6282
4649
9726
23225
10260
8625
5730
64080
8729
51655
3295
57136
1646
8644
28989
10847
57185
5095
104
84775
57180
84886
51491
2870
4616
5427
158427
55917
51185
29028
4860
5660
10471
55689
23160
84617
3150
9898
2669
80305
4831
79983
10769
11102
5917
1947
9868
92335
586
9320
6549
9380
3238
5074
56246
1981
79893
3987
23071
54487
5868
1716
64786
54952
8819
50488
11080
24149
56984
8660
9787
90121
134218
26985
79002
9519
85456
91039
112937
55681
84450
5434
8985
51205
51056
114781
2762
5082
57591
22795
3339
4833
27332
55016
8721
64780
79081
27342
64759
6609
307
4783
55341
27173
27065
267004
5577
54869
79868
80789
5982
122953
5106
23092
8991
140901
178
144501
54474
157285
55829
1022
1781
83658
9685
11078
64864
1840
1906
155061
84289
27297
8886
10426
6191
5576
387921
23042
51451
92715
6767
5583
200879
284194
7486
10126
64146
55504
522
11340
5394
6665
10085
5510
10654
5529
23479
11097
64395
122786
84218
66000
2889
84300
2997
29888
6890
6811
84299
83700
55823
56943
90411
55737
112936
34
8339
54606
1738
29101
92105
8078
27348
7074
84302
79834
3418
4189
5054
5328
10526
29074
55718
83608
8574
11228
51747
8338
92259
10972
8030
56675
5612
132720
80347
84619
10773
27303
91
3625
55152
4238
10198
8505
2139
2781
8776
91754
64062
306
272
2747
8568
26092
7374
7443
5217
79077
84675
5271
124808
126820
83694
54910
64689
388813
54863
839
54820
10450
10560
9127
146206
79837
23163
80267
284996
79583
5757
25865
51335
51129
4694
5696
84260
6318
4967
89122
29068
9221
11222
80829
26031
8323
955
56652
3340
1843
22876
3182
94241
57143
5318
23139
54906
163033
57181
56907
116115
55644
9943
54884
64779
11213
51135
55188
7086
9625
8344
27086
91603
10775
7407
29109
11165
23235
51365
51155
4090
389840
115939
64083
5916
440603
6747
57665
4615
55869
29855
1861
151903
9675
6234
10981
4642
25824
84061
117283
51363
833
79643
203
29924
81790
283899
308
5899
23247
84273
55854
5358
23276
55833
23347
27122
10577
8773
5154
7476
5592
55763
5810
6738
64788
9019
120534
11021
7581
4617
64284
7469
51144
55207
9491
1509
55340
3007
2960
23368
9669
83732
100874369
3376
51520
55758
83667
23051
1105
55345
26524
91369
643853
65266
27347
10190
56474
9997
25909
51601
4924
3094
8239
22931
8615
3035
10558
115557
23597
9797
254048
5211
9665
65263
87178
65117
55119
57492
79165
51574
57205
79695
10331
224
819
131965
80342
389677
788
90338
7552
4356
5229
10452
4907
6317
6184
8997
2192
23645
994
51188
81789
5144
22926
7805
9276
5213
3912
2187
55529
23187
51639
9246
684
8863
23080
340419
197335
79939
725
4836
56062
11187
26060
146223
8905
221830
1725
27309
28999
2021
9904
8986
84991
83992
3206
3097
2182
23376
116931
54938
56926
284677
91582
25800
81537
29935
79590
83692
5605
10056
2193
55143
5058
92181
114984
64926
5699
3115
54512
79027
57380
1819
25870
117584
4920
4123
9990
100379661
10294
8864
79735
8880
57109
55167
10608
283489
835
138199
144097
4200
93323
10667
201475
10746
151835
81556
9015
26098
90780
57505
10818
253512
144402
55249
135892
79109
5880
63908
4725
51116
22937
10330
57402
5891
1124
55536
79873
201164
89797
6924
6203
57594
11128
10043
8498
27143
2950
1174
9933
81876
197131
2235
10042
3111
8195
5720
55684
53918
8672
7570
58478
23762
51599
3655
254428
6820
440689
11033
51239
23303
10953
51317
84920
23152
29072
3036
22853
10200
54542
57658
6773
10947
23373
51304
284459
7403
53407
285753
26953
400506
129303
5753
10286
9825
54758
26515
26519
23172
256691
3012
3371
23168
79228
54978
344558
10096
10123
4144
10695
57190
5524
60592
9637
25915
57703
27128
65983
55690
4253
55696
81572
55333
55007
84058
114898
128989
9295
27018
57403
7511
89857
6489
79754
23094
8546
55039
1277
51074
5870
79188
23307
157567
706
11112
142940
23002
84936
7444
5609
25940
197257
80256
1375
283237
51622
92922
78988
253980
23394
9684
2152
5872
27102
55969
54874
30833
10095
90550
339230
79080
55627
81846
54521
91544
4085
8027
22872
57544
22839
22941
79102
23480
9455
4488
79075
5349
84279
65244
2643
84317
114799
6238
55512
5310
55795
3300
8820
5352
57679
8270
1728
23210
11329
80323
4128
6874
11267
200845
11017
399664
3693
653333
11252
55346
51594
66008
84498
26061
116225
9792
134553
84947
567
79989
3233
389541
8514
57707
441250
92344
51272
6672
114879
6675
55841
163882
4152
118812
57003
55156
10295
149986
79624
7098
9442
10723
51132
54882
5786
10361
55671
2791
80007
26136
5425
55353
7905
1329
100423062
1662
55793
55781
4839
79660
2264
59341
25902
80227
203054
54808
9124
27254
80223
10865
57708
5533
23387
25937
27300
23607
254013
57559
130507
10299
55625
4070
5293
4041
8325
8731
10427
79767
375790
112268148
54932
4720
56882
5189
6242
2705
9208
3913
51691
25804
284297
3660
22821
51367
80153
340359
51455
26504
55182
2936
11231
23224
8703
1362
26574
513
9937
4796
7059
161
23774
7253
100289635
9889
23269
54929
55015
8220
6241
9352
58491
4647
92610
4698
149371
9100
79629
252983
151987
25796
5105
10564
54887
10570
57096
3710
64359
4009
153769
7089
9886
200424
64425
51389
80818
88455
123169
6433
660
119504
9692
26275
6558
79842
183
3122
10641
84330
93166
80762
7064
81617
23211
203328
1490
25880
5141
84749
5191
6883
9794
23500
494470
23016
22894
285527
163183
93343
79598
11319
51077
5018
9516
9824
23649
9704
84319
57484
9563
65083
116540
9333
79714
9133
50485
51096
6651
160851
10121
5438
55819
5589
7298
6236
8870
474343
139596
54963
51642
26589
1749
4487
6834
84987
84295
10606
653489
23509
11285
56341
90806
60686
54845
2050
51478
1841
147923
4913
2073
353
5587
7873
441549
84310
64787
255967
4676
3739
54732
4690
10857
30811
23008
27445
3675
56927
9267
9595
91746
55269
29952
64127
54806
537
3029
3226
25948
255426
1787
56925
22841
7220
2280
8331
81848
1476
116541
51081
51380
80381
6493
80830
64319
8358
9585
81611
8634
6159
54797
6143
11266
81570
738
80205
22858
91687
10066
1282
10252
558
27346
6845
3696
2639
90135
116840
79752
83468
57035
4952
23654
27236
5527
9689
286753
10365
440193
825
64844
50651
6623
30000
10
658
5836
8321
50717
9706
29119
7043
23646
58526
9351
51326
7468
23580
54059
54899
25926
57794
54584
26505
51657
113828
54700
80023
54851
10750
55234
29941
81542
23023
51
4753
79845
57463
257218
246184
10106
29086
123355
3177
10307
5170
55198
154091
84844
9375
55219
116461
27292
150274
10005
19
7871
56983
9789
167227
2982
85457
7812
10613
84914
5362
56521
283078
57670
4313
7078
25897
79796
65010
55813
23412
10311
51329
113251
10849
56000
337
64792
7770
10974
157657
220002
6239
2131
2963
9816
1968
1857
64975
1382
100289678
5378
165324
9520
285190
54762
23621
27071
55748
7433
146439
79818
10531
51449
22902
80233
4850
55766
8897
2137
715
8332
10939
84674
342945
414919
84220
10039
653604
9546
3612
1289
55006
58484
5547
27285
9317
79621
4857
5979
9054
1062
154807
54780
27443
5073
9353
9465
9687
9039
26167
404734
439
7767
64207
9695
55132
55103
25904
6810
5305
3842
54788
56913
6309
27243
5977
1003
10922
10464
822
219771
4478
2117
11079
1763
8464
222194
54145
51101
8877
80207
473
79770
1780
6990
28986
3033
144165
3977
3976
5307
55720
64762
11333
3267
51204
8933
23609
89891
55253
4534
10959
57179
286410
55505
10000
81627
4179
8867
5134
57161
9235
29899
11273
52
51460
1984
11066
22929
5471
26578
27341
51569
26225
79443
29954
10314
55137
130916
1979
55975
3619
55884
54969
11212
8744
116985
56992
64763
139231
22899
10620
5819
79811
3914
57631
2584
64149
1001
23053
222008
23099
80228
81792
3098
5089
54913
81831
55111
8313
4012
4139
80308
9950
10537
100101267
26271
150678
83475
5989
9965
93100
440145
92815
113201
7105
3142
84154
1755
3741
6263
57007
64073
55135
23677
78994
84245
79622
284040
84083
182
6505
80011
57590
23353
79133
8346
4150
152404
12
83856
25759
10140
9841
79863
221079
201626
23423
1054
10360
55915
79596
10110
10533
157769
147686
101060376
160428
79586
140459
644019
54949
28956
201161
51567
29940
3149
3018
727851
9828
91782
9926
23474
6046
29959
9690
11325
54918
11010
10101
50999
54465
50640
2043
4043
55218
57609
10848
10312
128239
357
51429
5606
51014
23328
146956
11146
6782
5636
29103
1471
84265
51199
53616
146691
1743
64110
4651
79706
91419
51202
7225
100293516
29925
126299
59343
5326
54859
254531
4809
7247
26290
29904
6103
51291
81037
79441
9255
5306
2647
81786
27241
4059
374882
51164
58189
782
340156
6769
79843
23396
55847
6277
54930
3217
65108
2946
84313
23596
139818
771
23587
11083
157773
29087
8743
388115
60678
64321
285966
9475
55209
653784
84547
283578
79990
1622
5097
50810
27089
843
8797
92140
64943
4710
22884
5338
63915
9653
22875
10463
3118
64860
51552
23131
9397
3898
26140
5627
152185
2660
126070
28962
10243
646817
9989
4677
30001
140461
23095
1376
1545
1645
63894
5724
23401
57698
29126
79807
23564
54680
6892
55531
127703
2948
80155
8801
23515
9578
10475
80232
55347
79142
23635
55083
23231
55604
116092
9538
10636
80237
6792
7490
64434
49855
2827
283933
6838
81544
10011
51103
10212
8345
2029
54793
284273
55033
54994
342977
9409
23379
11041
4040
8996
57128
128077
397
55631
54677
10584
57704
203259
1464
349667
85459
1075
10491
84126
9223
9524
109
84224
8456
7077
79810
4538
259173
120
3052
201931
7404
114991
9556
84162
387882
285590
64222
1793
729540
255758
64399
6469
2005
80004
54894
842
2624
977
54583
23495
8555
57107
81532
10325
51142
8425
55858
64135
2322
63982
4017
8638
51258
79086
10609
5256
11188
56655
54107
3827
1519
23294
27032
755
23332
8527
51571
55172
55082
79581
56941
8550
54726
124583
389206
23214
9604
7296
84717
128710
6787
286148
79613
51171
7975
462
54475
51735
10905
10522
51526
144811
2548
80760
972
112
5364
400
9086
221150
83478
56126
79091
56980
6695
28982
55023
57659
7779
83481
23708
51306
7629
90594
110354863
84975
57572
51379
54816
92609
94240
3833
780
23333
113174
4122
7702
55337
54476
54106
80317
2817
8987
197322
9648
9778
6591
10794
1475
53339
29062
23253
7775
84520
2752
23133
283742
6731
2983
8545
220972
114990
5937
10785
1477
10855
10787
54991
9840
5514
91543
9170
5194
905
59352
3601
114885
286451
65260
54344
284611
79832
23637
100302652
55336
23215
9079
10743
6631
3998
342132
10063
131474
85359
60490
10199
55290
55245
23424
55330
5291
1730
84275
10999
142679
28957
56270
1603
10644
79066
57147
10979
90488
26123
3855
84340
6835
253827
23301
10626
27
9238
401647
348174
30968
6347
23087
3488
3697
3664
6894
100287171
6000
148423
54552
51182
10436
56241
3071
321
2122
8330
689
80216
8449
489
112849
25917
6016
471
83637
6943
1340
79847
10465
55633
81576
6231
6096
25879
26040
950
8741
9536
96459
5540
115416
56948
51506
79637
84281
6470
162963
9847
171017
79572
2119
57407
57447
195827
51501
521
6484
55454
3752
55329
6814
390
593
57132
6662
55080
55028
80213
144233
1892
27245
2444
51309
85476
5098
54801
54431
84705
11045
7379
158358
26751
5289
53938
64423
161882
149603
10945
4810
51278
119710
114884
10072
153562
6452
23671
8263
81788
23704
127281
56681
6833
11069
9681
54962
64785
2045
79414
11101
360023
1837
56605
56994
57649
9907
602
4512
55876
164091
57608
64320
51496
26355
8775
57050
84073
837
54566
25950
2767
80173
5874
9509
32
22863
3945
25820
2072
55761
168544
79608
23213
55217
9891
1802
55561
51128
3202
219743
5179
57573
80144
5923
221037
1515
23595
114882
4645
3755
5797
115704
7106
51760
124152
10135
57486
727800
29967
9172
23299
10396
51108
6448
284361
51078
101059938
92399
163859
54878
6988
11162
5863
9755
23670
10908
55577
388969
57616
23567
649
285195
688
79180
4485
105
8854
27069
23259
51250
85463
23078
10451
85444
55017
54101
25766
89781
3257
55624
85365
121457
79095
51154
11169
57647
23108
10950
78986
91304
23176
80324
11138
7049
7174
51226
4801
9927
54977
201627
4946
2632
622
222950
4756
55191
55739
23262
84196
130940
64398
27158
60314
26012
79034
4598
23568
6337
91947
100527964
130399
10635
219333
8303
121227
79037
254359
3704
11258
55601
50964
831
114803
60481
5345
84376
4033
5355
80025
84100
51031
79789
10081
60682
27247
64784
50626
81609
11132
152926
493
26054
333926
57018
80017
55117
147040
56990
10927
126326
26191
84133
55095
84293
5993
93233
57613
55635
2243
2241
594
23240
119391
54883
51028
64219
256356
22915
55005
8694
55238
1181
8711
654483
81794
60313
28973
25893
729857
10978
10290
84335
57685
159
3778
7692
4976
5791
93129
6560
79987
23548
133746
6425
51203
3099
92342
9278
9741
4781
26115
100885850
9887
501
10092
10550
9703
283248
158471
155368
84080
54862
8780
11031
159091
23431
83734
8970
6382
55593
727910
4644
25888
55808
9553
10180
5569
23264
123016
8602
150472
55296
5998
692312
55068
7351
57721
8969
8613
1263
84938
5743
2244
23029
6342
7745
5190
3227
253725
1998
2195
30851
9310
28960
51752
80230
51759
83473
51231
29969
5826
29094
64757
91624
65258
64772
84069
10231
268
63924
5780
414236
9453
2281
26017
10023
81034
651746
3685
9677
56884
26071
517
22930
3158
90865
23408
8740
4715
53373
5176
866
9572
81553
26229
84146
23616
148327
124245
8630
83940
8140
169714
81502
5160
5121
345778
4201
51247
2764
387032
27134
3714
6832
116143
58486
79879
55359
7866
5150
27175
91522
146909
56998
55352
3759
7857
23505
79169
8537
51531
55344
92595
57455
80231
121260
6948
79602
116138
94030
199953
55251
57146
126074
125150
80312
10020
374659
81533
63874
55751
11199
9719
56911
6574
10402
18
7764
64981
9545
23061
64410
79594
51454
8227
55707
1200
6751
55973
9136
9833
23545
150275
79042
283989
644815
5818
4514
80018
9053
10208
8341
23370
57701
5264
56929
5734
84766
83660
4267
7021
26230
147007
114790
84926
54756
23325
29998
27022
23196
63971
5526
131583
79087
64764
2734
10548
10507
3384
55787
2651
10447
84280
9473
167826
91689
51310
50484
90580
121274
10283
23317
8209
10885
2262
54704
4337
64327
5890
4094
55620
83990
25829
23589
54502
115817
54505
51230
26137
129285
51106
8682
26010
11189
93986
8754
23158
83716
445582
9512
9758
57662
166793
55573
9772
55669
463
90990
10479
8406
3694
1820
64746
64419
11178
130162
23127
51646
10565
111
8896
29934
9493
55325
51809
79856
78987
5999
7544
152485
55687
3909
8821
440093
51134
54014
129531
55322
1901
4049
80262
11214
10420
115294
116362
7347
3775
26577
59307
51224
114883
2739
29
6652
114836
63929
84811
83443
91833
55004
10766
10670
23556
51659
8495
79977
344787
23287
146
23658
10278
56683
51406
55214
148266
2098
51742
158747
116113
9905
203228
100287932
283643
51339
29803
9962
54681
6683
54539
57507
65124
51196
4938
84684
9973
201134
10600
8808
28984
2590
55205
5476
57476
24139
51021
84259
10443
150094
9462
3417
7355
5447
79932
23119
9830
55501
2678
1891
22911
79726
79178
79442
8760
85395
6237
4707
3491
55909
6821
6608
678
92667
1847
85378
8034
2125
4168
115677
54974
85415
29070
9880
89970
79892
27042
3382
80331
2987
22936
10079
10622
27109
5740
1266
2048
23378
51157
26093
11064
116442
9262
90417
9718
175
6399
114876
84219
1983
27090
10362
8336
221078
51690
83460
10440
1310
5900
8914
29951
2000
22882
404281
84937
65997
129450
84449
8814
51131
24145
6339
23395
754
10137
81545
51244
79074
9377
144100
7763
124454
132158
23516
126382
51634
83874
23038
8853
29097
8458
26032
63826
7718
10983
256586
23072
64710
5193
5774
4249
27179
8131
7357
90843
27293
51504
51575
23203
79089
116988
5920
55466
389203
101
7216
163087
3151
64236
51088
7326
55534
288
79719
105375355
55084
221496
23315
84864
197320
7707
3889
2937
22797
493856
55677
154791
54956
128338
64744
79400
240
84932
8411
23011
166336
4693
6575
55248
55049
3709
5372
60626
5333
9542
6442
59338
64599
22822
6319
3757
84189
129804
5831
9807
168451
55757
80221
56892
10541
55286
57511
283385
114327
645
21
6992
92
84954
1889
199746
23522
148103
340719
54799
83719
9091
5277
7348
93624
3713
79158
4580
94121
55954
143279
7556
124565
54826
58485
55907
4696
6548
79672
5284
64838
57099
10367
93210
23256
57456
285267
7991
4915
7259
55906
50808
6533
26037
149041
55227
8438
387856
9569
79776
55621
147991
55870
93145
79648
51493
10144
26235
60468
26984
257364
65061
4908
55582
8882
60401
4712
2121
135112
64114
6905
83594
90324
53831
79073
9034
7380
64174
170384
89882
50650
84333
254065
9088
79956
3157
252839
11226
83786
348180
51530
9562
55374
29090
81554
3764
64834
4338
51696
79730
51200
22865
54903
9896
54812
10810
540
11037
7746
100
5027
146712
984
54795
285203
54809
114908
54210
10444
8434
57700
3357
57130
83641
399979
9180
80775
84934
115098
10455
8844
7432
79573
11238
4519
6302
8720
121642
79669
11147
55157
84911
9026
8559
129049
254827
51321
23503
26020
51523
84896
5142
6100
79029
55629
9244
7564
80063
55843
9296
80895
55224
115560
55435
55175
84881
81839
84899
8643
9748
51075
27304
2277
64147
55568
29915
26521
92840
402
7621
8942
55013
23102
57103
116447
6827
25949
58492
54496
81605
118987
25852
10807
9445
8883
23354
221656
83638
219
249
51274
10555
836
92002
6422
29098
201965
91442
63979
11044
23230
3460
3416
410
2588
101927446
83539
776
54332
114769
79993
10287
375593
9712
5168
64089
5283
8348
1723
51209
65979
10780
50615
347902
6397
55773
121053
51118
79896
57523
341640
285605
84695
55326
79798
51477
66005
55295
8369
79825
57568
79633
2036
115
10244
90268
1611
84951
1316
25864
64866
64407
126433
343099
10469
64224
7701
11014
55846
144577
3454
81888
152579
124402
55031
64856
7145
11108
57217
54920
91010
80129
55256
200734
91523
7837
901
84067
2622
9917
219931
5639
283212
51060
55608
285367
8612
84232
493911
126133
205
9832
7922
64895
84267
79763
25921
64430
30815
342667
58513
91875
477
51248
80222
388650
1606
139285
10196
79794
10767
2949
7029
283373
23059
3658
23305
1522
8019
55746
151393
55254
79230
51181
5019
3013
3934
3425
5174
2774
157313
25973
326624
54790
22995
2694
80021
56995
26005
84159
8872
57496
2794
7625
5253
79078
79019
135644
115201
8974
4883
4880
54436
3363
79709
440026
7633
1106
91368
2016
63935
54455
55266
55764
8879
9139
225
55680
144404
54149
127255
1604
401447
3614
5654
91147
83549
54466
7978
2581
54928
23052
9479
9123
55128
143425
22904
219988
3633
10678
8556
50632
9144
22955
79887
440087
3421
1850
6729
2729
57643
196513
123920
80325
389114
5775
23070
113026
5428
11232
7389
220323
10050
64432
60370
128
79183
84912
154075
10302
166785
8632
84138
1687
55614
57148
9744
80224
54478
283537
54997
55297
219699
51023
6863
51651
4247
79858
23233
1950
9640
90809
8611
3174
10563
1131
64097
4126
26007
105372824
259282
79778
112970
63897
3213
54469
79143
2157
7477
3552
25996
767558
64743
64374
9399
8871
10380
10806
55125
25778
57125
139324
140775
8399
2004
79092
90987
55656
55890
29035
81577
2180
51560
6388
1138
64897
221154
60343
51271
790955
54328
129563
26034
28951
347240
50862
8329
23261
1351
3422
5091
54495
7461
51611
84441
7504
10272
10948
6487
28971
84542
4285
79665
147463
4509
58488
79156
6338
51125
57587
1353
10424
83440
26205
25813
197258
10493
64857
91942
84272
64900
84968
347734
79943
57664
6536
57560
27253
5858
8509
7166
57688
64342
85313
23598
5224
11153
25957
1366
58515
29100
22883
55959
11070
23341
2595
6539
29994
7554
51218
54665
29105
9205
55280
89944
7862
89958
55034
5164
152137
474384
23241
79415
196483
51347
5778
7568
51582
29880
84124
2271
121391
152503
84836
2491
401541
116159
81691
51734
84188
5330
2582
139322
9736
5768
148789
124401
118426
51206
64215
58499
4820
4129
84193
57162
218
5464
204851
80127
65982
2054
9766
4325
10457
5279
219348
55591
146227
51175
1393
153443
2683
158809
83596
23471
22906
55008
56987
25841
23705
23254
10280
23473
56649
84923
162972
5763
64771
55320
1632
374986
10961
29071
285315
57563
146059
57337
125988
9851
3916
54541
57186
9683
9913
55744
54830
26297
79651
57799
23275
84898
51337
2627
171586
51668
115362
374354
138639
10007
392
57001
9922
139065
83985
152273
55622
55778
130557
57575
284716
4795
9258
140612
29058
388272
54439
56978
2822
56850
80199
79363
28954
2719
84986
10370
54033
63939
23731
1140
1047
254394
80856
2971
54497
140469
22978
27440
8646
65981
84318
29887
7748
8818
51227
9550
55486
6610
90113
137695
6341
79135
54468
256281
28991
9630
579
8702
25851
4552
127495
445571
729991
84626
2879
26027
3695
10205
64968
55101
375775
54432
57586
29789
54961
11237
23074
8490
51528
79661
55676
25821
9874
255022
83595
8623
987
729830
1945
9064
10090
113178
100861412
51119
7733
54901
203522
6583
57336
9925
84817
79098
4351
196264
113802
4881
51534
2876
54970
441478
91653
166929
23218
64800
83636
26507
132789
4314
25771
57105
114294
10591
338657
130872
64061
54467
55323
152007
10087
55852
7127
160897
8745
283971
285489
4357
1510
199731
6003
338322
54982
22852
653583
9617
1848
84632
51110
10652
79954
5570
93611
11322
2239
84501
9639
8483
65989
10799
1890
57480
79068
57536
9826
57515
102157402
153364
64376
64131
64118
3350
55544
157378
84888
5184
84874
239
90204
10717
157922
57677
2686
222662
57827
57547
57605
63951
83852
23576
23138
84795
400073
8013
79675
285180
286205
8675
64925
8995
84885
5007
57479
1429
8092
57482
54951
4650
158399
785
10587
84904
113612
57478
54968
148137
79673
3420
55727
115123
403341
25963
4758
343472
283149
6650
636
282809
1719
54676
7349
163050
51011
388962
9635
84301
54839
199920
9855
114800
10520
5348
814
57019
10428
64221
152
4038
1365
79174
114785
79070
79658
387119
129138
26960
113
167465
116039
348110
51251
9663
346171
51201
63931
4709
4953
4947
143872
51409
119559
8506
158586
57157
8800
84451
55777
222235
199777
84328
163259
54482
64901
28972
85379
91272
126298
147948
113444
85461
85377
98
348093
57522
5173
91056
23358
256471
7574
10335
7727
79634
100505555
348235
51236
56650
29801
6553
28974
5613
160760
84905
92370
84803
54981
84958
23129
79177
57213
431705
79064
27000
6909
255252
58475
130535
29886
100101467
79668
115861
64806
154007
54707
122704
1854
2070
2592
10553
23506
4323
404093
4640
1233
23417
23593
7743
9423
374946
79175
2760
55572
79827
57489
163081
6903
114825
9073
57222
388536
214
7122
7553
2706
122809
57045
4121
6940
113455421
84107
85477
8544
29901
8846
284992
151742
127700
128674
155382
125113
133957
53349
124044
54834
79644
10201
54510
51699
1292
84614
1946
84243
94031
137964
26585
55745
10725
51373
57648
8435
79690
9831
1644
57696
206358
5742
2572
1609
7760
9535
84240
51706
89795
56975
100506736
6171
51364
100532736
375743
65062
169841
286336
1537
7318
83857
1268
79640
57574
11018
5754
1635
7712
222658
64288
135114
5078
4713
56895
8934
112479
8334
51111
11142
283208
64427
79056
125170
51163
11158
89848
23096
10203
115209
91408
10391
340371
154043
23151
9836
258010
145482
84274
9507
148523
2990
346689
79829
157
9583
8635
56181
8859
255189
11092
221545
79631
4600
3779
23024
57176
57654
11022
963
57446
22944
203523
57713
79192
54555
2902
80271
7694
2941
1657
400818
22921
954
652
148534
3606
27180
201255
6713
50
284391
1795
22864
337963
116224
2178
392465
157680
51092
143162
2745
79739
1939
10139
25946
54853
81563
55332
126208
25927
219854
124359
219402
7738
4147
26099
79725
79694
2135
5596
10158
57182
81566
5924
9672
8705
1136
105377067
140609
8722
27315
57095
116983
55270
80183
221264
7035
56940
9760
7542
4125
2395
1040
440138
148867
747
56890
4257
84924
10867
375341
6051
26520
140680
3354
338599
89801
197407
94097
55784
29085
126272
9860
283871
90799
80303
54960
9941
166379
166824
26022
10076
8637
63928
128240
1318
220869
8831
11000
55628
83861
64582
139212
63901
8395
63910
10840
222696
84976
285596
23463
2638
3600
54822
7769
11216
7162
10245
23555
92822
64766
23551
137492
254251
4124
5130
255394
129080
123036
3931
57556
121512
100037417
115004
9721
9812
10435
79083
2619
390927
54453
55179
9819
84553
9988
22903
85453
66002
2877
317662
221322
84870
90736
55848
26469
85007
155038
92935
55776
9501
3352
339318
2743
92170
10800
10741
30850
84465
56889
55972
84696
55717
55830
5744
55319
727866
51710
79031
342926
116496
83930
79934
6041
57097
7596
326625
2826
57569
84071
92017
80142
161823
23232
51312
94059
9130
2650
1953
22846
374969
6668
6843
25966
9204
4943
285193
79841
113730
7434
92154
150709
9655
3145
23760
3631
5269
22877
29057
84331
9742
151473
6405
5203
85406
84065
80206
60559
128061
79676
57178
286319
53343
29985
51022
91074
10899
339231
3224
80114
25987
51124
79659
79053
89978
91749
54947
80146
9069
26157
85013
341359
141
78996
375748
57711
29995
56603
132884
57102
256714
346157
10691
219736
6902
55002
54784
6358
7567
55313
84144
64411
80298
284086
113763
123228
56163
6512
63926
90321
27035
10811
9468
5008
83479
730
9728
221091
23360
80243
401548
728
115286
25994
286257
80139
23207
29980
135154
147138
57231
51768
79969
11099
253650
25840
10269
84680
8479
375444
10384
387914
84327
4234
132949
8802
27314
50853
80208
283638
5205
158135
7008
116986
54516
90485
10400
7436
9381
143098
55312
221302
25799
81558
347735
84878
590
170482
1593
51316
9215
84102
9537
29066
132299
9837
6376
23550
219844
3824
56676
100526740
55180
10965
83448
80210
100130207
27141
79567
128434
10103
3781
8659
401190
55151
64581
220
7699
64789
27286
374395
6690
55020
10308
3823
201562
55856
119
55118
10962
51285
93517
79918
25861
63917
6414
80148
29923
57577
151295
80110
84253
56063
54946
84541
124446
4983
8809
29080
91807
80309
284486
57198
2560
11145
26108
253959
166378
284069
2645
57620
3001
387496
23300
131076
203197
10518
100272147
285282
9858
84250
79947
133015
55665
150365
89846
56917
147015
55714
22999
1004
200014
7373
6571
1120
84514
91133
79600
54993
55786
11167
3338
641371
51228
7264
51540
27085
3700
4821
169792
10256
56944
51246
6373
283337
7368
1285
113220
3918
8398
27077
89845
202018
6387
64718
57188
3632
91433
140467
145483
81575
56255
93627
56910
83989
2041
90952
1139
23228
7730
55540
23761
4520
126231
55654
883
56912
9022
196294
85443
24142
283927
138428
165215
100131827
23306
27153
84681
113675
51062
81025
55769
60685
23149
79684
1798
283234
56898
4016
64072
56947
83849
57460
169200
9452
91289
80851
151354
5239
3400
26207
79591
2056
7294
25894
4345
117248
57048
22798
1520
113246
200030
1132
7716
10791
54868
55351
23456
22928
10371
23483
85235
7056
51330
10350
114905
8460
6120
84895
2531
22871
221061
84873
55160
122773
140688
284323
57614
8581
8459
9547
55184
171177
64773
2254
90407
112817
25984
146542
84419
3628
84153
6248
9679
220042
4828
10327
220213
22869
27152
91750
139599
93109
83648
102724488
89927
90835
9289
131177
84236
79674
9488
50487
1299
1812
144568
23660
1489
9514
90956
196883
79744
8427
254122
79647
348262
2526
6920
654364
23527
4241
114784
7639
220963
1185
55334
90637
200523
64067
219899
22801
120425
84527
3762
389337
388753
100132406
445328
84057
1364
84909
83699
285172
7592
9746
115024
6697
255027
10157
5875
114987
56548
80255
10871
54841
285671
36
4948
84316
7058
3574
83758
79949
9050
51728
55088
4939
57683
81562
54943
160857
27165
55055
154467
474344
2519
734
134728
135932
57657
57666
89782
123811
151313
133686
144608
339479
51804
80345
55051
54856
207063
9028
3077
353274
11230
79612
6351
147912
84337
548596
8884
149840
1303
11253
56951
64760
220074
887
392490
81849
81688
375449
23007
54890
63877
79831
337876
285761
80219
22873
2702
9765
360
100506144
90871
23590
55112
114826
126917
6586
149013
9980
54942
55617
134111
3952
118487
83937
55108
120114
339122
654
102724307
26048
56271
10732
375757
9654
161291
55105
1002
376940
27154
168850
121268
3938
8416
219285
4968
9552
23432
260293
54796
282969
148362
65243
3141
4668
388403
395
64077
84002
22847
51084
83872
79071
4708
7543
4982
284325
23554
388701
340273
145864
51703
7275
55262
56128
2030
51012
7593
135398
23659
1486
152100
402055
9771
90673
57458
65251
84064
10655
84693
55255
146923
337879
253635
7100
286256
10349
57224
727957
130026
7148
22949
10804
770
79838
26873
51059
79140
55228
79729
374928
93663
51174
80745
60560
23116
222068
79582
92283
55196
1350
192286
3899
128637
253639
4636
441531
4248
83707
282679
91612
90527
54545
134637
79691
957
158158
414918
318
53832
2110
284565
150383
408050
25976
23507
55567
9895
3176
8728
93587
6649
55711
84933
7566
136306
123263
122961
285636
7582
55974
152098
2537
26472
4330
84326
221477
285237
5972
387640
286046
144406
246
54989
149076
167127
147657
130951
222236
134510
25974
27249
55500
9374
348654
3373
57722
101060200
89887
221960
5373
51117
83941
8714
23252
29118
8482
200765
11163
165082
53630
9315
57497
956
114902
8320
1580
9
4440
55862
23150
340578
100996709
23398
51090
726
51004
714
143686
9487
286133
203111
11343
80168
1591
51058
51102
117583
84890
340706
549
25798
4935
63977
117145
259230
55144
284434
3489
23366
27166
497661
8704
91351
2134
195814
613037
84668
64344
80832
26112
26998
29799
125919
51805
114757
114804
10003
181
115584
261729
10224
100529239
79366
80162
376267
375033
9762
9731
2878
10194
199221
391356
127343
246269
4682
54832
88745
885
134549
53942
56954
11227
403313
347862
160335
120526
6725
339324
112942
84203
342184
9966
9912
56999
29990
85360
117608
7637
150372
116843
79755
150468
196740
92691
9249
554235
10216
57549
1134
9749
8989
128553
5136
9489
90203
7478
30820
7976
2696
55194
58986
29965
81493
55760
131408
79792
57452
84187
10316
169693
8605
54537
1389
54454
145773
340152
5046
140733
80070
113791
55647
112611
7940
55206
79982
203069
80209
79800
10660
7634
144245
162394
400566
79413
8609
23767
126
57538
55239
9710
80778
124637
349565
79153
3067
51360
256643
84765
51167
84230
285498
119032
1269
51093
353189
105374836
54674
54558
619279
79912
122060
7711
25912
127253
158293
55192
84288
112487
35
11094
150921
443
53834
83943
91300
126259
90075
2524
140564
388569
3680
10588
163702
84570
345757
8840
6580
9843
57453
340075
124975
