5594
5175
4116
3187
4864
340061
1063
6840
257019
539
2908
6421
3459
6472
58480
309
23327
83987
5684
10946
8604
23380
8841
10009
3857
5460
79833
79008
134957
415117
11335
5591
90025
51072
8723
58533
23468
3921
10765
8535
7756
6059
6138
5775
79734
3895
84461
4851
51434
56262
1880
54165
51649
6950
10971
3609
7428
9782
27185
10127
79666
5931
5252
3832
6228
26064
80179
10273
9531
85440
7415
1869
8202
9601
3106
58517
8353
11133
55140
80279
3728
8452
6201
6780
10527
7083
9757
81608
3981
63898
5500
3577
983
8539
3064
26468
84304
6748
5108
10112
996
7531
5208
23028
8676
121441
203068
54815
8350
5905
10482
55133
6119
1387
26039
8669
8667
51619
55611
39
4163
10987
3394
723788
3615
1213
1454
196383
284004
8409
56916
2547
1994
8496
29775
10298
7529
64422
79155
8517
3178
22827
10188
7704
5682
11047
3550
151613
5518
29966
6872
2353
79084
7157
57120
5970
55003
9045
1026
10399
54534
6182
9099
3949
5869
2664
10075
1642
3796
23363
10097
1212
10681
4052
116254
25807
10618
1385
6721
2521
3190
22938
545
51018
79959
6275
23411
23326
3313
2882
4793
81930
3276
7068
1021
1031
375
10239
4174
10492
7249
1612
60
23406
5980
9759
93474
55212
7203
7307
25988
5360
200895
10856
4311
1478
6102
54386
11344
8899
6628
6901
374378
7283
10694
867
3575
6155
6134
8189
3175
4904
48
4597
1488
3146
22879
64601
9774
51535
54464
22948
55355
8360
4034
5930
8738
55367
7321
7186
28996
4204
23318
672
1025
8440
8312
9820
10963
23178
164
84081
4641
6050
6386
26060
7251
10193
1655
207
8837
23451
2176
201254
22861
838
10128
140458
5110
6199
960
4316
10528
8342
57062
3329
127829
7388
5595
8751
7329
3725
9202
6613
55183
5501
3091
25942
51143
55148
8354
80204
7514
94056
3171
7088
4436
28990
51026
2043
8036
22808
10980
8148
93380
7410
8651
11171
11140
282974
57409
5468
9657
54819
5093
8493
3014
51530
245973
4774
55294
9477
9678
84105
27067
8575
7316
1173
6626
55165
10015
3065
57621
7965
54069
988
10078
7372
116138
51616
6884
6001
382
664
22907
3608
2806
6788
3336
4609
50649
26986
4738
5747
5728
54891
6640
57692
7094
3184
8726
3856
23166
23062
11326
2710
94081
55623
54517
55717
23710
79018
2668
2091
54865
4627
23603
4763
24148
5071
331
9131
6875
2957
4298
79577
8453
5430
26270
7311
11043
147687
1856
2033
1859
114789
3914
722
9919
79009
6895
4093
4089
6924
904
5371
112939
60492
11345
3032
6597
1029
4214
5599
24137
9055
1203
10423
23435
6147
10161
9735
1717
26046
83933
9612
10048
4233
51602
23552
6794
5700
9097
10714
1108
1729
7411
22897
146057
5894
9869
80097
10036
7532
572
6281
645455
90060
10569
2801
5433
9646
9818
129401
2146
5469
4332
4832
4522
6789
55154
79888
5738
967
6711
324
5631
7314
10890
10114
7341
51741
9474
23466
8356
6428
3437
30
441150
3799
27352
5879
2909
23165
3611
10250
373156
1650
8668
2296
6299
55749
84759
701
10393
83759
5936
9043
1974
6599
56829
81622
25844
9217
56950
5128
203
8473
55507
11311
10055
57562
2804
9564
2288
6271
7325
6175
5494
3093
51444
51222
25925
93643
23469
6829
79882
3837
5954
399687
55193
5685
8454
79814
64795
5725
5411
3875
84106
54148
84311
9777
81790
1285
4776
23175
369
3326
3309
6045
5899
7405
9589
64210
102
100288695
10061
5597
25920
51606
85451
2969
64151
29079
60493
92906
2885
1639
5422
8631
6907
81628
408
55131
25885
5202
84708
51042
22983
10556
7515
51776
55704
5139
841
10210
7419
4843
5695
3692
90410
26146
6117
2189
26043
5708
7528
7979
8243
113130
10014
2746
192670
3716
997
22809
8363
8968
57504
5828
10733
1107
57510
23612
5714
10772
4942
28988
55785
22889
23390
1977
10989
4301
55366
4691
23076
4791
4792
4288
57147
79701
10082
468
10970
116449
5510
1789
5833
11120
1399
665
84271
51527
5824
1915
3316
26747
2820
23386
57565
10474
54093
23549
9882
1778
51652
27183
2023
22992
27043
6418
8924
8891
5025
8355
8294
4869
55153
51067
26995
488
23409
4817
10411
5903
79017
7257
7175
546
7112
55761
27163
23189
5499
6118
253943
9984
4216
7391
10621
7917
51193
149628
8361
2002
9314
51295
84171
6775
117157
55755
9530
8065
25
1982
23020
9636
5859
7030
5707
10847
23475
54472
3556
55168
57693
10857
255738
286827
10049
83903
26258
55093
6015
4173
5001
7301
107986084
9128
51729
84816
158405
4191
2272
9902
9821
10916
3315
7381
6498
4088
2217
8766
54536
23524
6449
10952
65125
998
7156
79657
11321
9611
6709
4221
6385
5209
4704
4723
6634
124936
84197
55170
10809
79085
90362
892
112950
9926
1201
10458
200186
7844
1796
84268
79596
170082
5709
63943
3312
645121
8607
1739
2977
3956
6607
26354
11119
11118
8458
648
55692
10523
2065
55069
22832
9031
10155
27237
93487
5511
2634
57332
1937
3159
90957
8878
7534
4599
7284
56674
79980
51637
83461
10106
27161
23242
7431
4836
6142
54984
9975
126526
80145
10915
7170
1147
8761
640
10476
79811
801
6136
1656
653121
10460
84282
1503
10179
56915
3996
387
8939
3720
23493
8945
2010
11180
5873
154
54540
9444
22913
5116
51780
1663
124739
51422
84292
26121
22933
2308
6233
50512
2079
4927
55308
5564
55178
1408
5152
4798
51603
355
23345
7023
4193
8540
55054
65065
79269
9077
6868
317
3188
7454
472
54953
653361
10134
6657
128239
328
26511
1039
10238
830
8560
9669
1917
7706
6741
4650
10140
8352
56257
57636
255967
1207
6637
55610
27333
9448
3688
6949
267
3308
5049
9342
3480
23543
6311
5515
57599
11221
5337
274
112858
580
11130
58472
2800
9044
5702
9219
84612
23281
1794
2335
5036
9987
11059
3030
6235
8678
4628
494115
2810
2887
57520
4067
6217
9793
9775
5356
26015
10632
5717
51141
5681
5887
26053
10432
23641
79618
65265
11328
100128966
5925
554313
10385
51720
213
4005
79035
58493
7422
9510
7462
5335
23513
25782
8562
92106
54535
23636
2888
1613
6938
124790
57134
23239
4706
107987373
2314
2317
128866
226
550
11236
23071
958
23043
5830
8528
10376
6671
4899
55722
6427
58516
7297
65057
126364
284695
84464
9410
51377
6195
10419
29945
8697
9656
29920
55173
101928160
9875
310
27101
10498
54187
50943
5686
10956
7184
3614
51053
10808
481
22976
6224
5584
8470
9063
3303
7266
22908
3123
3109
5978
6601
4292
1192
8737
151194
84466
6850
80304
9938
9666
57727
27316
64431
10480
50848
11143
54872
10325
64121
23031
10949
11052
8289
286262
2316
4055
84859
53981
27068
55640
154796
4773
51428
10277
84993
6208
8683
10236
9371
10204
3185
1855
8662
10010
3838
8614
55658
56254
9532
55719
10133
3219
51499
10483
84726
8665
4670
1499
204851
2064
708
8366
26152
23412
6605
2222
11007
23270
4591
7187
10131
5983
2274
3399
2769
56893
6692
84966
9315
8467
81620
9958
10592
57695
51665
6742
81027
3024
302
4734
3096
54840
372
55660
10346
10467
2886
7248
1051
60412
2961
79680
100529063
116985
8367
6198
4686
50807
143187
9482
993
55726
865
56945
1407
7533
22919
4616
5608
25793
7010
56852
5691
9218
9527
7178
7323
81847
10401
4637
9260
57129
55052
3082
4134
6132
6168
5290
63875
26994
8850
47
51647
23650
8347
7466
5435
23064
400720
6774
29911
50855
5607
81889
55526
22981
8139
84309
9470
1978
22927
25791
65080
8803
6908
5928
55957
8565
162427
10013
5566
23387
7080
5245
84959
7414
5692
7037
10598
79072
2108
3953
27330
11161
79839
158067
4234
92342
3622
25862
55149
4771
1736
92345
54434
10951
64175
9411
49854
23013
5771
153733
541468
55709
3066
51343
868
26003
3192
3554
23365
8777
59339
7322
31
1270
8543
54821
79786
63891
28964
9001
9141
55109
7386
1154
4087
3181
694
51255
6729
50628
11060
107987457
9698
55971
5565
2058
9140
3068
6749
5885
6222
1050
84285
11215
8774
9129
3717
4689
23557
9737
11051
23177
1487
10524
65992
7726
54433
54512
64979
57596
9146
55364
6122
6129
55011
9212
8471
196
9049
5796
5586
85464
9877
27125
6696
8975
25839
821
64343
142678
8786
22870
9181
113115
23588
1535
4688
54625
27252
51592
5862
2319
79803
23383
79784
3205
11168
144699
57122
79902
23173
284217
3673
23283
5716
5718
9967
23499
8508
4141
23272
7009
29956
8301
27327
6633
2475
8907
2120
5217
10625
6837
3043
9939
5585
3992
5745
25953
23355
8548
64170
10929
10668
55754
9406
3055
3572
10594
83737
23559
10580
96764
23640
3297
466
79968
6218
5295
6595
1543
7189
57092
23476
2060
29896
1198
641
55529
2186
1432
1938
90427
4837
3005
28999
8290
6879
10549
54935
6667
22894
120892
5829
1540
10875
9584
1870
6689
84823
30849
6197
26119
7416
552900
55339
4297
51009
84447
79948
6139
5129
118980
4175
10567
6464
3643
134430
8351
51684
27148
4800
1386
2935
56259
4296
5783
26993
256691
4047
25814
25898
283985
23521
150684
6310
10551
29117
125476
64087
57521
8663
3836
118472
23191
192683
8826
27131
23184
84893
57002
8368
79890
5868
8650
6434
23112
25788
51585
55769
55246
83543
11035
5984
10658
599
6925
5144
201895
6128
93594
5590
5704
8815
1948
25894
2617
57396
56963
6598
10018
65988
4854
79446
5877
2730
7390
5286
146050
54039
54778
115548
11198
23764
81926
51160
2213
84164
1936
5888
54904
23048
2648
51514
2564
9236
2118
9867
58525
6606
5933
57180
81550
84191
8106
64754
80020
7536
51639
204
11154
6648
51176
55771
79759
705
51663
9730
2869
9961
11269
5987
51003
5436
7913
89953
253260
301
142
23054
10574
64855
57473
8661
51320
2185
9733
29110
10521
9643
7541
1129
4286
4711
23385
90850
2307
93436
55081
25886
523
2040
80230
211
441518
654346
1523
55110
10363
51474
27107
84365
153527
6249
160
23234
10617
29082
257194
6801
29015
121504
5347
51490
7525
27351
10529
80306
6867
1514
1515
23517
1196
27044
57187
6809
7159
4000
91107
5163
2078
9188
2720
55916
79768
83659
4140
9512
8365
6836
79001
8570
23404
7133
6576
9463
26278
23198
4282
51035
9817
4306
834
8835
7067
5451
3910
3958
9457
100534012
124997
3006
26999
55892
7874
4733
9946
51594
5493
7132
4646
10972
57619
55275
4780
5604
22807
91694
57646
57085
79922
51447
3920
25945
444
10935
8649
55342
23001
3133
118
1460
4790
93185
6181
55831
29978
57459
6566
9274
8934
222389
10099
1456
406
9575
26259
6209
3028
56993
3301
83605
57154
58500
7169
7019
5378
7150
8677
9588
2580
10051
11200
8930
80005
81704
196441
26035
6830
9113
10413
10024
54971
55048
103
6764
55898
1508
10038
8370
55596
445582
51010
200558
3718
6776
6772
9111
4736
55602
10116
89853
6732
140890
326
55810
83855
2625
11020
6125
60509
54438
8439
5719
5687
5886
2305
2309
3621
238
114793
60489
79677
5050
9978
84259
56288
25836
114971
125115
51588
196074
10542
23143
1388
5516
10552
10985
60673
55388
9709
3908
7014
526
5878
55905
84851
2071
1428
5062
201595
25873
57533
219541
7538
10253
6627
9879
10153
6258
57215
5204
2354
6189
79096
7846
11129
3964
63027
9750
10994
1468
3654
51070
89874
10422
57698
2104
9318
4513
6257
3581
5140
9785
637
10318
54892
27072
55014
908
3113
54936
5801
55177
2799
51719
1072
167691
80781
8337
9401
6929
79960
51147
5230
55127
282809
84140
2260
6461
999
51593
51375
282991
23162
6602
51162
27229
23144
6161
3148
51061
8536
57118
221895
7090
2034
28231
7517
7984
79663
311
55040
55240
1453
3008
28958
10000
1027
1431
5437
9627
80777
7049
9445
55870
10933
55226
8763
170959
23438
23266
50944
90933
90273
57498
8091
57189
2355
26156
9784
9702
140465
29104
65018
122809
65005
7084
4750
7919
10640
163126
3839
6314
58477
373509
9521
506
286053
5705
56886
128308
8362
8805
7328
54206
6207
10254
6688
1788
3726
92736
728635
5549
7456
840
8175
220988
7332
79751
8379
64983
1659
9416
22899
51366
84643
222484
57449
373
6615
2294
9147
92521
7260
64976
54443
989
55324
50813
1964
2671
54858
8797
8795
498
192111
54726
246330
2237
8445
5981
11315
1654
2821
9425
3672
79947
116150
23647
9700
4794
2931
667
25828
5611
9997
4215
90459
7884
9798
51726
55139
10539
85015
6294
9349
55871
7153
54939
54951
51013
23511
4302
1314
112724
3419
5052
170506
161742
7448
23295
10615
284058
333929
4889
51378
4236
4926
27349
5087
51545
84060
26298
2487
54532
5536
2768
51744
84270
8480
25865
7041
132320
64770
723790
2107
283349
59271
21
79866
5876
84858
80760
51194
1643
7507
203286
58497
4830
6185
64927
58487
115703
10783
8428
11113
11073
27238
64837
8681
85363
8021
56888
9918
55197
65990
10973
51264
88
10111
23334
8936
5782
84062
10787
396
6152
3735
56648
5777
6752
221937
9451
65056
10445
143884
64333
7334
10146
23186
55379
79718
5318
54931
50804
49855
56897
29761
1911
9328
112495
2771
105369632
7265
55662
5546
38
10426
10142
10868
26133
5710
6048
56931
84866
10928
29844
6158
9051
64969
3782
11252
871
5690
5683
64145
128077
80321
25959
55421
126961
6477
857
2042
805
29115
8648
1525
27115
200081
6432
115509
90864
8099
8576
1312
28981
80817
155465
928
6204
6919
51324
91647
90678
55824
79656
3954
23492
3398
6647
8491
2067
83878
57466
10969
26122
9169
86
8295
124801
5178
6256
10198
23410
3009
6632
94005
6500
84261
10213
8504
55670
81844
152006
259266
80764
5884
51692
23288
79571
254427
51548
862
22834
25956
7543
55166
7317
1182
3965
25825
2784
9628
8563
7818
6293
140707
790
3337
4893
10490
2770
26985
50809
4528
64963
11284
83858
8894
84186
10094
51340
5495
51678
4905
5795
8764
3742
3699
51435
1785
3659
9275
6760
8892
5906
8794
23558
6653
284654
9911
10138
63035
23085
3551
2197
54765
5090
5935
9935
8402
57787
139716
205428
2959
27095
122553
3047
8760
55742
115908
57798
51566
84232
11338
23335
23312
7128
81858
84516
54785
81611
55118
358
9948
57488
84790
2665
5603
7205
9883
94120
53826
55142
6904
10241
25895
51561
9908
55300
64853
10412
3489
4695
2872
10109
8861
79871
92421
71
5195
5915
54888
63932
5297
8031
115752
26058
85021
96626
23649
9706
84284
65059
8971
55699
54812
5303
54910
9972
2962
55691
83879
7268
168374
5579
5439
9610
10614
56652
80205
57639
57506
3310
80700
79058
54919
118881
1874
1727
8819
3661
2923
10466
91949
23770
9861
57673
23204
10058
3191
5064
57228
10336
8500
23271
55062
3183
25936
6786
2737
7270
6426
5361
2017
644
160418
133121
51082
91039
651
1828
2898
83787
6429
55114
23164
3251
7263
23367
147872
728642
90993
6280
221
23780
574406
10487
191
5226
10673
153642
55715
2956
3364
5976
55215
84733
22881
55201
6018
6016
57169
5336
7417
29078
51079
54431
9695
8481
79664
51773
5787
8932
51100
9112
5000
85365
22872
64960
26127
4710
4702
9648
23034
85439
80346
8318
538
7430
6383
55299
64781
56478
3880
57192
5727
55216
9618
101059938
11098
6124
9101
10671
2948
3059
4779
9734
51507
55506
5713
5861
3007
10130
22930
57403
9781
6441
1755
5519
8165
286128
9469
79924
55729
22974
10735
84131
6712
10497
6624
29763
11196
22998
84132
11264
3939
1278
27246
55819
1793
391
84572
740
23005
55578
6881
8125
8359
79869
9373
3840
222255
9040
6210
11224
6737
27248
7327
4487
9513
60491
79780
59277
10248
9929
427
259
8503
65264
5315
4008
1738
6777
80143
23787
4209
6502
84861
1810
6885
144108
4287
79886
2597
202559
284403
85403
4300
84661
9801
10084
4205
152789
2550
4680
1048
5284
815
2539
3052
94134
55095
79607
7114
7409
222584
3020
80149
3156
79724
54955
5478
57634
6193
10726
143689
81603
8502
84656
3383
6192
10189
7465
64761
2066
23193
6141
79791
7841
9555
23673
7798
4643
90627
54606
79797
5268
1676
387680
221613
515
896
64802
64375
4735
10844
51027
8664
126626
54927
2495
23582
3092
6453
83931
9361
5481
219988
3613
3892
56006
135293
80013
22828
9150
10001
26586
54480
910
100506658
55850
26580
6723
79016
8666
64418
64783
55327
221749
1973
5689
84262
25843
339448
10616
113523636
1455
53944
23344
90826
7158
8881
3670
9354
117178
89890
26973
824
10957
60488
28977
221037
23304
3727
471
54623
10293
22888
7579
222696
84908
275
7485
23400
10960
55116
3597
5218
8407
5467
6722
84305
2
125488
1059
9464
65095
24144
6230
26751
79720
1345
25777
51631
6497
1912
80705
85302
10454
257397
54820
7903
5538
5162
81929
79728
134218
6194
5965
8241
7551
132660
7272
10579
56256
2323
7520
3021
10495
55740
322
900
2273
5094
1457
57159
11331
79020
84247
55274
9786
140885
6468
54556
9767
10712
2109
29108
3712
10645
4673
27159
84343
1355
29957
9337
7188
8767
4212
8214
55924
23119
3090
9256
5701
4217
55809
91748
26001
2130
7556
10653
8813
23632
27034
657
5321
3396
64839
65986
11177
8085
92799
201292
51400
2053
10300
339366
2512
1327
1629
6942
10262
10147
9928
87
55626
60401
7155
81892
57470
8658
84669
8717
10913
57472
23019
147339
159090
5429
8087
27075
5037
7006
826
2783
23157
55752
11186
3397
79583
1653
10383
90624
22848
10159
122769
9738
80185
65094
79616
25831
25809
23759
79670
5099
220965
23532
8533
4192
22850
5580
57546
11176
60561
1829
5034
10434
10197
9412
54828
695
65082
23352
78995
1211
4683
7518
140685
57532
157769
7586
9320
27339
7337
5153
5871
2289
23329
5814
4602
9526
10456
83734
3563
23560
84962
6095
121536
10576
9644
5563
84364
93974
11193
22918
2191
1762
51263
1952
202051
6431
3304
3655
6793
1271
23529
58509
10379
8314
8487
483
9415
116028
80010
55086
202
4731
55967
51008
125950
84254
29093
10573
9486
163486
753
79682
529
5587
200916
24140
10489
23155
26227
7165
6303
10629
80144
79037
79088
4722
535
3117
51765
3073
4092
55559
4739
607
5898
23032
217
58504
6272
80746
5724
8357
1445
9857
65220
29916
54487
6133
3843
3667
4291
5339
23729
26286
6135
10672
6301
27291
7110
10728
8916
55651
6625
56957
4074
26088
2538
155061
51693
5825
1315
51441
54477
1958
4665
10992
80004
5214
7290
80273
27156
9670
51430
81875
3265
5127
26284
8260
8050
93655
2773
9134
10628
7046
9392
51107
55851
9945
2926
23063
3512
102723728
4664
8455
22803
1666
9652
22950
51807
7109
29948
64708
3198
4082
9166
57617
1660
7052
9126
53615
3959
7277
163
7813
25805
27031
4867
334
3708
9478
2733
26135
613
8976
78992
157638
4222
92935
79641
5091
2203
55738
51715
79036
23265
23491
4601
4149
57606
5621
57020
54520
6878
6416
4077
51661
10902
874
9184
84321
440275
90507
5939
23613
10557
7182
11072
5431
27350
23741
23203
1967
81607
3925
9832
80258
9815
9853
6917
3586
1909
10181
8895
6009
5147
23523
403
23481
23212
117177
51608
80262
288
25855
55070
8638
929
56052
10284
26128
2332
83590
6877
4331
7681
5966
22984
8220
995
114
808
405
3798
26086
4038
55022
54905
1528
81669
56935
6446
79944
5655
55229
145389
55666
55365
26353
400793
5610
10421
2841
810
687
25979
55333
92597
10240
64965
90102
374654
9894
23111
81839
9182
752
222643
57647
51069
51253
9321
7353
84939
2717
11100
7690
151011
126375
79649
9846
4289
4354
6728
26528
51397
5932
10771
83640
25929
5557
23216
153090
22826
1195
84078
5298
56616
26267
10045
22931
11000
55968
90861
84335
196527
114034
51529
25989
27285
3070
11316
22820
56267
54930
115106
219
5394
64283
79913
8239
26153
2965
10211
57175
29979
5480
2735
5316
113263
54902
65109
5537
55233
5723
55038
81671
8364
6157
29922
84172
51073
29088
54897
83541
638
5663
223
28992
65008
100287932
727851
9694
23
374383
27336
548593
6400
79139
64928
5532
80011
11065
55285
7572
2339
8073
54602
4891
5423
7508
6996
9776
6144
316
54462
2631
51112
116541
140739
123879
1326
6188
5216
9197
22985
29882
111089941
23137
55210
5934
51399
4007
4839
132
81887
221786
155435
1606
3015
9093
9770
1808
79696
8343
4940
4058
57674
5902
148022
23399
10468
1997
6659
4729
1069
151050
55929
11218
7791
55361
8915
7737
59269
60485
1965
8653
63978
5971
29099
80762
5160
91833
509
10121
51225
130617
9261
286826
9748
3784
5600
64223
55615
92255
26509
6642
2149
11277
27037
11030
699
55012
112268148
5601
23426
1495
9343
27036
51633
9175
51386
5883
26051
54793
8115
90
23450
9897
340277
6643
30827
9753
55888
8744
5201
56946
1649
85236
65117
5311
55653
146556
1384
10762
51334
1975
5165
3476
79840
116328
140460
6091
348995
9632
3684
5698
55668
5096
27287
10788
22934
79589
11074
22880
55250
64147
57580
5550
51433
55276
23369
92400
6891
393
5567
22916
525
6282
9921
3815
89796
7343
2976
94274
124944
55163
151188
3157
55777
2897
116841
160364
832
100505585
26578
79979
1512
4076
323
9699
3945
79090
55702
9183
3656
55837
3306
9459
387521
51635
23633
8405
3155
9391
78989
26190
9813
84033
2268
823
64098
80755
55174
26173
9557
4361
100302652
55750
221120
28998
5694
9810
80301
6183
54737
1500
11231
1439
4841
51280
353322
65268
55181
1838
8573
3646
3434
5552
221092
829
23608
143903
54940
5784
5287
4486
4350
7095
9238
114569
89910
124540
159195
338692
3636
283987
573
348180
5479
79576
23309
84629
7286
6240
2553
2551
29982
10884
6169
10163
84525
131566
10509
23534
64978
23313
6888
4084
6945
7204
9804
9114
2589
51292
2766
23244
5911
9934
7107
23322
23277
79753
9658
4048
57461
10270
138151
4714
84263
6654
55825
7786
10589
1102
10437
285440
22862
4807
80014
359948
25797
1933
55734
4430
100506403
9265
125228
9577
4929
6154
5910
673
2287
145173
54995
56342
7879
84303
8773
22794
79171
26610
3612
11009
221935
7384
51596
2068
55589
10054
348793
64282
4594
134266
1797
57326
9367
28984
10006
54958
54873
23097
56654
3915
55147
51028
23392
9590
55291
1164
80349
29997
9325
84231
80012
5097
54531
79711
51808
5048
29781
28976
57684
2677
10954
63920
9779
3635
145282
2782
2787
5317
54482
147700
9623
55930
56252
92609
23274
49856
2896
7082
57530
4211
51388
55035
26057
219654
8349
6612
25998
4998
10165
54507
129685
9021
54972
9559
8315
81873
91526
54
55128
56922
23464
29937
140606
112267931
200894
4862
23046
55728
283537
23190
333932
8888
79004
7782
2672
22878
1969
1942
3984
3108
9402
476
128312
25906
25847
55661
6237
84707
10874
8706
6745
5985
5706
80212
8906
8317
29970
84919
199692
10079
1193
260425
22900
6206
94121
55607
254170
51341
83892
139341
51001
10914
23142
55840
8874
9252
10226
2697
7458
84869
7923
128710
8061
10073
54998
10040
79137
4676
1020
9158
6143
4946
114823
120224
11160
54407
64066
587
3985
7295
91319
51465
320
1317
64428
9903
64793
84073
1070
2059
147179
5424
27429
134359
26292
6522
2803
2967
63971
51122
6934
54948
51296
9647
115196
23091
94104
51319
5832
4775
3431
26097
26512
151636
65110
200933
20
84079
60343
10541
150771
3665
10603
10059
6455
55920
8896
23396
55432
51755
22885
2318
467
4097
54764
51268
6510
55037
27335
5496
4255
3482
112840
9306
59345
7385
51676
4661
10730
64400
329
3790
145508
261726
55863
10291
158
10602
3455
5523
990
6499
28985
84458
23350
8233
83871
51195
5781
145553
10207
9213
4582
3344
10019
4521
9790
26094
6730
57819
55612
2954
51290
51614
284119
220134
2081
8340
84256
54882
10612
129807
84614
5033
10062
85450
64777
51552
22800
54923
898
23263
873
55288
7027
9595
57381
728689
347734
55697
100137047
140691
9682
8554
5770
4154
2263
2255
23420
55072
5818
8273
55278
7171
92
94
23047
10274
662
10228
10938
54629
51097
246175
9125
23098
4615
11012
285
57592
55505
2049
23348
339287
9667
284001
9324
3623
7259
3458
6778
10397
151648
23179
14
5351
5792
5445
9221
57794
197257
80816
23609
80176
2181
54893
4363
50814
9382
5598
79843
54906
6670
51002
5880
9878
25822
10461
663
80184
51138
3983
11069
23075
1104
23530
11332
6720
25934
6191
80243
578
84324
64216
26147
54870
1843
11152
64951
156
192666
23594
836
8692
22890
23414
7163
51667
1737
4931
4013
27005
60626
7918
10801
84988
11054
404672
128178
8829
8394
2802
5507
5509
2494
8816
9344
64426
23788
54361
4001
64241
197370
4261
1337
57600
201163
1363
4152
4605
84449
4724
55164
585
2242
55859
80325
5641
8673
56302
78991
659
11235
10920
7216
55341
1824
554
114897
51586
1479
51300
25962
8890
7167
56952
23139
439921
9726
23225
10260
127733
8625
64080
3182
51655
3295
26206
57136
28989
57185
5095
104
84775
84886
51491
54970
2870
5427
158427
5660
23160
84617
253769
3150
9898
2669
80305
4831
23394
11102
11124
1947
4898
9868
5977
92960
51024
81
92335
8346
9380
5074
57474
4160
56246
79893
3987
6092
85377
148254
1716
3163
4833
11080
24149
56984
54676
9787
79002
56905
6883
91368
9519
85456
112937
9203
65989
55681
79585
5434
79635
8985
51205
51056
114781
7407
2762
3045
5082
57591
22795
3339
1983
27332
8721
440574
7402
79081
54899
374393
9368
27342
23255
6609
307
4783
27173
27065
267004
5577
4150
79868
80789
79594
5982
122953
3162
5106
23092
54859
241
253782
140901
178
55829
1022
1781
83658
9685
23564
11078
57544
64864
1840
1906
84289
661
27297
8886
5576
3937
51451
92715
6767
285753
2252
200879
10626
11342
284194
7486
10126
23786
79089
64146
522
2629
11340
10085
10654
5529
6156
11097
3980
64395
122786
29888
6890
6811
84299
116840
56943
90411
55737
112936
34
8339
283807
29101
7849
92105
8078
51260
9570
7074
64968
79834
3418
1981
11103
4189
11135
113174
6693
3689
10558
5054
5328
27240
29074
55718
8711
7692
51747
8338
92259
25799
25900
9744
5105
5612
8877
132720
80347
84619
27303
91
3625
54941
55152
4238
63892
8776
55320
64062
23595
84717
115426
2747
64377
8568
26092
55969
8335
7936
85014
51517
2889
79077
84675
5271
9839
4690
51382
126820
64689
8991
57171
388813
54863
411
81542
146206
79837
23163
23095
80267
284996
79624
10069
51335
51129
79039
80006
84260
8449
89122
29068
10923
80829
26031
1289
1296
8323
148
649
955
3340
114883
22876
23248
94241
10944
163033
23035
10007
57715
55644
64786
9943
66004
54884
11213
51135
55188
81567
4194
339487
7086
2752
8344
340359
91603
2934
29109
23235
51365
4090
389840
5916
2037
6747
57665
55869
29855
63826
1861
151903
9675
10981
2224
644150
84061
117283
51363
8660
4124
79643
283899
9718
308
23247
84273
55854
5358
92140
23276
55833
27122
10577
118924
10283
5154
7476
9421
10011
23495
55763
5810
6738
64788
9019
120534
7581
4617
7469
51144
55207
1509
55340
645
2212
2960
23368
51306
3376
51520
27348
55758
83667
23051
26521
80864
26524
91369
5743
643853
65266
27347
55823
6641
91663
1163
1018
10452
10758
27292
8615
3035
9968
115557
23597
9797
254048
9665
5648
87178
3679
55119
57492
57205
55732
224
689
819
54205
131965
7727
80342
7289
90338
7552
3216
10256
64854
4907
6184
8997
23645
994
51188
81789
26084
22926
7805
9276
5213
3912
1176
684
57587
64423
340419
197335
55677
83443
79159
725
23256
11187
51567
146223
56895
9771
219348
221830
1106
1475
5393
1725
27309
2021
64924
79608
9904
8986
54776
84991
83992
3206
2963
7755
6259
26505
2182
23376
116931
54938
56926
284677
91582
9688
79026
81537
90324
29935
79590
83692
5605
5058
92181
9842
114984
5699
3115
79027
57380
1819
55714
25870
7374
4920
9990
57823
28951
100379661
10802
84300
10294
8863
8864
84310
8880
6655
1121
57109
55167
813
283489
347735
835
138199
843
84056
3927
93323
10667
5531
201475
283635
56983
81556
9015
11083
1857
55554
1441
57539
55764
90780
57505
253512
2706
5730
55577
144402
135892
79109
63908
4725
22937
1436
10330
57402
5891
23429
55536
23221
4782
201164
89797
6203
11128
4726
10043
1174
9933
81876
197131
2235
157310
3111
5326
8195
5720
55684
53918
54541
7570
23762
51599
254428
6820
23753
11033
100526832
23192
23253
9796
23303
473
51317
3993
84920
23152
29072
8526
22853
10200
57658
6773
10947
23373
51304
284459
7403
53407
26953
129303
5753
10286
9825
54758
3012
221184
79228
54978
344558
10096
10123
10695
57190
10362
283248
26249
60592
9637
56341
91289
25915
8436
57703
2950
27128
65983
55690
23029
4253
55696
81572
55007
84058
114898
9295
27018
7511
5763
6489
79754
23094
9135
7566
130502
55132
10450
55039
1277
51074
5870
10664
23644
79188
79776
201627
706
30844
11112
137209
10781
23002
157285
25940
80256
1375
283237
51622
65975
5432
92922
78988
57325
127703
50808
200205
57670
2152
5872
27102
162239
54874
30833
10095
90550
79080
54521
91544
4085
5289
8027
22839
22941
79102
10657
23480
9455
11104
79075
5349
84279
919
65244
2643
84317
10212
114799
116115
6238
6782
11157
55512
57542
5310
55795
10459
54749
2744
8820
5352
57679
23012
8270
5929
11329
80323
4128
6874
11267
9360
200845
90441
9573
399664
3693
57181
84498
26061
116225
7443
134553
1628
1901
57551
567
79989
1677
56474
3233
51206
389541
84312
441250
92344
51272
262
51642
114879
10526
5927
1047
118812
57003
55156
55074
10295
16
4069
51562
7098
9442
84864
9870
10723
5786
55671
26136
5425
660
55353
7905
1329
29919
100423062
55781
79735
79660
9254
11184
83696
2264
59341
23168
25902
80227
55638
6159
60681
203054
9124
27254
51132
3662
55425
80223
10865
57708
5533
25937
139324
27300
154214
64759
254013
57559
10008
10299
55625
11222
4041
8325
8731
1662
10427
5609
79767
375790
54932
56882
6399
6242
2705
9172
51691
25804
284297
3660
22821
80153
51455
26504
55182
2936
83460
23224
1477
8703
144811
64222
6452
80263
513
57650
9937
284207
4796
161
7709
80232
7253
100289635
114049
5998
9889
23269
54929
100874369
9352
225689
92610
4698
79029
149371
9100
252983
10564
10570
57096
64359
146956
4009
7089
9886
1397
51389
80818
88455
123169
6433
119504
29907
4035
81030
9692
26275
10232
79363
25816
183
3122
7444
10641
84330
10651
144501
81617
23211
203328
55092
80308
91662
79695
84749
10319
10023
9794
23500
6277
26191
494470
9046
285527
163183
23135
79598
11319
166968
5018
10464
84950
9516
79725
56942
9824
5442
57484
9563
51021
7784
128869
65083
116540
9333
79714
29123
51096
6651
160851
51011
10666
5589
4860
7298
6236
8870
474343
10269
2205
139596
54963
6675
8079
26589
1749
6834
84987
84295
10606
11285
90806
60686
54845
2050
6594
51478
1841
208
4913
2073
7873
441549
5711
6227
23209
64787
23586
3739
6234
6897
30811
54814
84705
23008
27445
56927
9267
9684
55269
3868
29952
64127
54806
537
3029
8836
3226
9208
25948
255426
1787
25901
56925
125058
7220
81848
89941
80381
64110
6493
80830
64319
9585
23042
54797
10025
5867
5757
11334
25978
81570
738
22858
91687
7057
1282
10252
8780
400
79074
6845
151987
2639
79752
83468
57035
55015
23654
27236
5527
9689
286753
10365
55352
825
51371
64844
3675
3691
30000
9837
84296
153241
3988
658
64221
64425
8321
950
50717
7043
23646
58526
60672
7468
811
23580
54059
25926
54584
4810
51657
113828
54700
80023
54851
10750
55234
25778
7593
26108
10042
8518
5514
57463
257218
23479
9739
29086
8644
55861
123355
3177
4924
10307
5170
55198
149041
84844
9375
54453
55219
116461
23195
64789
2244
150274
169981
10005
27152
9789
57176
167227
2982
85457
7812
10613
5362
11021
283078
4313
7078
25897
9246
79796
51329
113251
10849
56000
64792
7770
57563
6239
8772
57099
2131
9816
1968
11107
64975
25930
26036
165324
10278
10217
285190
26024
54762
23621
27071
55748
7433
146439
79818
10531
51449
4850
6672
3074
55766
58491
23016
8897
2137
715
79152
8332
83481
84674
342945
9546
91452
55006
58484
5547
9317
8358
4126
79621
4857
9517
5341
5979
9054
171568
1062
23286
2171
27443
5073
6196
9205
51274
80824
9209
9465
26098
9687
9039
2997
26167
404734
64129
27158
439
51076
64207
55103
25904
6810
3842
54788
56913
6309
10611
27243
10491
23293
1003
4709
30835
822
10190
122416
219771
64946
4620
2239
2117
51127
11079
84946
1763
8464
222194
54145
51101
80207
79770
28986
3033
3977
3976
64762
29126
11333
8933
3267
89891
25824
55253
84942
8741
4534
64412
57179
55768
9414
58506
81627
4179
5291
57161
56896
55172
29899
11273
60312
52
51460
57552
84937
1984
22929
5471
9863
10449
51569
91893
29954
2736
10314
55137
130916
5646
1979
2247
10113
22920
55975
3619
6928
9672
54969
11212
64763
139231
1615
83638
10620
7707
79650
57088
80311
5819
57631
64149
1001
222008
23099
80228
3098
54033
25939
81831
55111
25801
7059
113179
8313
4012
4139
84532
50619
100101267
2125
55703
26271
84220
150678
23210
83475
26157
5989
9965
50861
10410
25888
94240
440145
113201
81035
7105
3142
27109
5130
3741
6263
23133
64073
55135
57143
23677
78994
231
84245
79622
284040
84083
182
51148
27430
6505
57590
83547
9079
1813
84952
152404
12
163071
83856
9841
84152
2975
79863
147372
201626
23423
56683
55683
1054
51605
30846
22980
4046
91746
63939
8019
56062
134492
10533
84307
147686
79586
54973
348013
26093
23607
54949
10225
28956
3018
219402
9828
91782
84329
23474
84984
29959
9690
54918
11010
83939
10101
50999
50640
51185
4043
55843
55218
10848
10312
788
357
23683
57464
51429
8192
23307
5806
10584
5606
51014
23328
11146
4478
29103
1471
84265
51199
53616
55284
1743
83548
23053
4651
79706
91419
51202
22841
100293516
29925
126299
59343
114884
729440
6103
51291
11108
55759
81037
79441
9255
89927
2647
29058
379
81786
27241
1608
4059
57455
51015
8574
374882
51164
340156
6769
375484
55847
7001
3217
84313
23596
154043
23587
29087
8743
388115
285966
2683
55695
9475
55209
653784
84547
283578
79990
1622
50810
51495
7408
55295
79073
27089
84287
64943
84872
22884
51187
5338
63915
9653
22875
10463
3118
64860
23131
80222
9397
54732
3898
219854
5627
152185
2660
28962
646817
10478
1641
9989
30001
127262
140461
9874
1376
5210
171024
1545
3703
4969
23317
79807
245812
54680
6892
55531
80155
8844
7728
8801
19
23515
51466
8935
9578
117584
10475
5524
23268
55347
23635
201798
55083
10769
55604
54810
116092
9538
10636
5313
6792
5134
100874074
388
50484
2827
123688
6838
84668
51103
55080
23545
3566
3913
64782
284273
7039
2199
55033
93649
8799
27032
57614
10755
342977
27022
9409
11041
4040
8996
57128
2719
581
397
114885
54677
57704
57573
1464
349667
85459
1075
84126
9524
109
8456
9528
7077
79810
10560
259173
120
5909
7404
114991
9556
84162
387882
10537
312
83591
92092
9446
729540
255758
64399
6469
11165
114294
137886
2005
842
317781
977
57107
54455
51142
23294
8425
55858
64135
2322
63982
51258
729
79086
9950
8993
11188
755
130507
51574
8527
255022
51571
51246
10
6695
8345
55082
54504
64949
348110
490
27143
9479
26145
79654
6631
9604
6787
286148
51171
23024
462
11158
558
23379
9507
51735
10905
10522
23130
51526
8867
3101
9625
84914
2548
115939
972
5364
9086
83478
56980
3710
55023
57659
7779
8131
10670
90594
110354863
54913
57572
51379
23233
54816
4677
8974
1186
8178
51283
4122
7702
55337
54476
54106
80317
401505
80237
197322
440193
9778
3291
6591
51380
10794
1605
64779
53339
29062
79842
9353
7775
84520
283742
84955
140730
6731
2983
8545
55544
7589
220972
114990
5937
10785
10855
9840
91543
5742
5194
905
59352
3601
286451
65260
54894
284611
79832
27086
23637
55336
23215
10775
54518
10063
131474
54461
55016
60490
7016
23424
84133
1730
84275
10999
28957
56270
5791
3745
81559
1603
10644
1950
57761
10979
90488
8995
8784
3855
84080
84340
25796
11040
6835
253827
23301
246184
27
401647
3486
30968
129880
2624
6347
987
23087
3488
3697
6894
1124
100287171
6000
148423
51182
10436
7464
56241
3071
321
134147
2122
1827
23536
654
56851
80216
55793
7490
2039
83637
54994
6943
1340
10465
9028
81576
6096
25879
26040
7108
96459
5540
64806
55664
7840
6470
162963
9847
171017
2119
57407
252884
57447
195827
51501
521
55094
3752
54465
56521
6814
390
54583
593
57132
6662
10939
55028
80213
144233
1892
2444
85476
5098
54801
23065
158358
83660
53938
219333
161882
10092
149603
10945
6390
10072
1269
23671
8263
81788
23704
127281
26574
56681
6833
653604
22993
2045
6389
11101
360023
1837
60528
56605
56994
3127
431705
57649
9907
4512
55876
64320
10360
26355
8775
759
11179
837
25950
80173
5874
9509
32
22863
25820
2072
168544
387263
23213
64284
55217
9891
7678
55561
51128
3202
56204
57117
5179
5923
55502
11266
27145
10039
57111
4645
5797
115704
7106
51760
10135
57486
29967
23299
85359
10396
51108
5740
115416
284361
8869
57648
92399
57462
163859
54878
6988
7326
1734
11162
84294
56339
9541
3587
3588
23670
79637
253980
57616
55290
23567
5696
285195
688
79180
4485
65061
105
23170
8854
196463
51250
10807
51186
23078
10451
912
54101
25766
152579
89781
3257
51411
121457
79095
11169
6046
23108
5155
10950
91304
55258
23176
11276
11138
27077
7174
51226
9927
54977
222950
64745
4756
164091
55191
55739
84196
130940
847
1949
60314
81855
148479
57057
26012
79034
4598
23568
51115
6337
1908
1910
91947
100527964
8303
121227
254359
3704
9204
200424
23506
54566
50964
831
114803
60481
5345
4033
80019
10287
5355
80025
84100
51031
55454
80344
10081
60682
27247
23185
64784
50626
81609
11132
9811
26054
333926
11017
29904
80017
4801
55117
126308
147040
56990
80233
253725
10927
126326
489
261734
5993
93233
11325
57333
57613
84978
594
23240
119391
54883
3300
64219
256356
81579
85415
144363
57410
374900
55238
1181
27230
6338
654483
81794
83448
60313
28973
5592
8732
51172
10978
10290
55466
57685
159
3778
10983
93129
6560
79987
23548
133746
37
55707
6425
3099
80128
9741
7799
26225
6503
25909
26115
100885850
4049
4849
56005
10550
55565
23353
64778
158471
155368
51239
54862
404093
11031
11261
159091
23431
29843
8970
55593
3998
286256
6451
727910
4669
4644
9429
55808
9553
10180
5569
29071
123016
8602
150472
55296
9296
55068
7351
57721
1263
949
4200
84938
140688
27253
6342
4017
7745
5190
3227
1998
5799
2195
30851
9310
28960
51752
64848
55293
51759
83473
51231
29969
5826
64757
91624
65258
26290
8227
268
63924
5780
10959
63916
51309
9132
9453
10160
129531
10100
651746
9677
56884
26071
517
3916
93624
23408
8740
4715
5176
866
81553
8796
55700
79817
221421
84146
53358
23616
11001
8630
83940
8140
169714
5121
345778
692312
51247
125061
540
3017
2764
2760
2584
387032
27134
3714
116143
54621
58486
79879
54947
64756
63874
79443
27175
91522
146909
6328
3759
7857
4595
79169
945
6990
51560
23126
51531
55344
1891
80231
121260
26009
9223
9311
6948
94030
55251
57146
56975
80312
374659
201931
55751
148932
56911
6574
7764
376267
9545
92595
23061
27250
64410
5636
29789
55471
112574
1200
6422
55973
9136
154661
9833
317762
150275
221150
65993
644815
54552
408050
4514
80018
9053
10208
8341
25890
23370
57701
114822
5264
56929
163702
79572
5734
643641
51081
10962
23332
4267
7021
147007
4952
2207
84926
51154
27245
2627
2822
23325
29998
306
7025
9139
6863
6865
79147
23196
81544
64764
2675
2734
10548
10507
2145
51347
254773
2651
10447
26034
9266
84280
9473
91689
2241
84688
90580
10988
121274
9332
8209
3048
54704
4337
10206
57050
64327
84376
4094
55620
83990
55841
23589
54502
6665
25819
54505
129285
51106
26010
93986
8754
23158
2193
83716
9758
5593
166793
55573
7305
100049587
9772
55669
90990
91754
10479
8406
6558
5191
3694
124245
11178
23127
22936
51646
10565
111
5266
29934
9493
10428
55325
51809
78987
66008
5999
7544
55687
8821
440093
23505
64429
51134
401541
11093
2157
55322
11214
10440
10420
219844
23149
116362
7347
56992
26577
59307
64225
80704
148327
84641
6251
29
114836
285590
55004
2286
23556
2046
8495
344787
23287
51727
146
119710
55582
10767
26230
2245
1519
51406
79091
55214
148266
2098
1854
158747
116113
203228
57645
9338
79673
29803
54681
55667
2739
7994
221927
6683
54539
57507
28955
65124
51196
4938
84684
201134
10600
8808
29994
2590
201158
55205
5476
57476
24139
4061
2946
10443
79867
150094
9462
5447
79932
118424
9830
5164
55501
127544
22911
79726
79178
152926
79442
85395
55909
6821
678
92667
79872
1847
63929
85378
8034
94122
4168
255488
115677
493
54974
29070
9880
89970
760
1537
51651
140710
80331
2987
25941
25853
270
79777
23598
1266
2048
142940
8633
9235
11066
23378
60496
51157
83930
56941
11064
9742
90417
175
9985
114876
84219
9736
8336
5089
221078
51690
29984
5900
54908
29951
51068
2000
57662
404281
6284
6909
8814
51131
26469
24145
8438
6339
23395
754
10137
51244
23172
144100
7763
2036
132158
23516
126382
116987
83874
5817
23038
8853
4314
29097
83988
26032
284069
7718
91607
221079
55915
256586
64710
6887
5193
5774
4249
2632
27179
7357
4925
89958
134353
3632
27293
57038
51504
10170
51575
283933
5920
6715
101
163087
8550
3151
124583
118487
4246
51088
23401
79719
222068
1238
6358
55084
221496
284656
147923
197320
80329
57574
23765
2937
22797
23354
154791
51699
54956
4693
128338
64744
79400
10903
8411
23011
65108
166336
6440
6231
2139
9913
3709
5372
4781
8525
5333
6442
23592
59338
124808
64599
10335
22822
3757
84189
440689
11194
129804
5831
29992
9807
168451
80221
9073
149986
5583
26960
220213
283385
9056
114327
126003
6992
84954
1889
199746
340719
339501
54799
83719
9091
5277
7348
79158
4580
55954
143279
8546
8682
25829
84811
124565
7318
54826
126070
58485
115294
55907
4696
79672
1265
64838
23187
10367
72
2581
57456
285267
81533
392
1992
4707
64332
8912
26037
4145
10870
55227
387856
9569
55621
147991
79648
2917
266812
51493
10144
151195
26235
60468
257364
65250
4915
4908
121268
8882
60625
4712
2121
942
135112
64114
128
6905
51218
5357
9034
64174
170384
3491
134510
203547
9088
79956
252839
11226
84251
83786
51248
340348
1820
22882
165055
9562
55374
29090
81554
3764
50650
84524
51181
8969
2517
79730
51200
22865
54903
9896
80131
92815
10810
8879
7746
100
5027
984
54795
285203
54809
9619
114908
54210
8434
57700
7145
57554
3357
342897
114791
83641
399979
80775
57661
23102
84934
63934
4050
115098
10455
11258
121053
11238
4519
57007
8720
121642
79669
11147
79709
10370
9026
8559
5715
129049
51321
5305
26020
84896
5142
10678
6100
55629
9244
7564
11034
80063
9791
80895
2052
55224
4338
51696
55435
84899
10251
8643
6608
90268
143098
112
83594
8498
27304
2277
9170
10518
25927
55568
92840
402
7621
8942
57103
116447
6827
58492
54496
81605
55503
25852
8883
10840
51706
3241
25977
6375
84881
249
10555
57186
4240
92002
85406
201965
221656
55120
91442
63979
11044
55157
23230
9550
3460
29057
3416
410
2588
101927446
143
10922
122481
7296
83539
776
54332
285672
360
4294
9712
125150
64834
5168
3658
9388
64089
5283
8348
1723
54475
2875
51209
65979
5256
27113
79958
10780
347902
6397
51118
79896
3936
57523
84695
10311
55326
55917
66005
8369
79825
57568
79633
9887
115
10244
1611
84951
1316
57560
64866
5017
140459
64407
126433
6341
26137
10469
129450
64224
64236
55846
3454
81888
858
124402
64856
6120
3707
9052
90853
54920
91010
361
55256
91523
55937
51236
23037
7837
84067
56655
5639
283212
5526
51060
285367
168850
493911
126133
3903
22859
8842
7922
65987
64895
84267
64430
30815
143686
342667
58513
26160
144097
23389
341640
23259
91875
477
23093
51
388650
10332
139285
79794
7029
283373
23305
1522
118987
64005
4881
151393
55254
79230
3013
5174
5754
2774
157313
54790
2530
81846
10908
56995
26005
84159
8872
9755
4071
57496
23509
5253
79078
115201
4883
4880
163882
54436
440026
166378
50863
2016
63935
23086
1490
2150
57097
55329
5004
1284
10797
54014
255394
55005
10129
79954
346157
225
144404
54149
127255
10066
1604
401447
91147
83549
29094
84002
196385
7978
54928
23052
9110
9123
166824
254531
92565
143425
51318
3034
11076
3633
50632
9144
9377
79887
8556
440087
3421
1850
2729
196513
54832
123920
25851
389114
22
27242
113026
7389
91703
85313
220323
64432
124751
60370
25949
79183
84912
154075
10302
166785
833
8632
84138
55614
375743
80224
54997
55297
51023
114805
4943
79671
23072
9581
4247
55330
9404
9640
3174
1131
10402
348174
259282
79778
112970
3213
54469
7477
3552
25996
767558
64743
64374
9399
8871
3475
84128
10380
23522
283455
29066
10806
55125
57125
140775
8399
2004
79092
168002
90987
23214
55656
399
55890
29035
79083
79828
51125
64897
221154
55049
51271
221692
790955
968
54328
129563
347240
50862
23261
11197
2621
202018
4626
54495
7461
57480
51611
84441
1802
123803
10948
10020
6487
83752
84542
23082
147463
58488
79156
56850
80725
285598
1353
10424
83440
26205
10196
23300
25813
197258
79048
64857
91942
84272
629
10083
64072
64801
84968
199870
79943
6536
29915
11018
22906
5858
84936
7166
57688
5042
54830
2214
11153
57514
1366
58515
29100
22883
1112
55959
493856
11070
23341
2595
6539
9468
51163
79642
152503
54665
6916
93611
258010
55280
7862
55034
152137
474384
2819
23241
2653
2638
5778
7568
51582
55680
22877
29880
57489
10280
63923
84124
2271
79613
2491
4916
7064
116159
81691
23576
51734
84188
5330
11123
2582
139322
94097
79098
148789
8331
1066
126789
133619
6388
58499
4129
23059
84193
57162
9871
29980
9185
80127
65982
57511
25917
2054
9766
10457
5279
7762
51175
1393
153443
54822
51090
285761
83596
25921
56987
25841
23705
56649
84923
162972
64771
160428
1632
374986
10961
348235
146059
579
125988
9851
64518
28972
88745
9683
84868
55744
26297
57799
55071
23275
84898
54468
124401
115362
374354
138639
79745
54836
57001
9922
139065
22864
152273
55622
4982
55778
130557
4649
57575
284716
4795
140612
8642
3170
54439
80199
10493
11092
28954
51005
132789
51506
9836
64746
84986
23731
1140
7011
254394
80856
2971
54497
140469
22978
27440
8646
84318
54549
7748
8818
51227
10630
26520
29928
64077
2041
55486
6610
8654
5203
256281
28991
25976
192286
92689
4552
127495
4967
445571
85413
729991
2879
84870
26027
3695
10205
55101
375775
57586
54961
3422
8490
51528
79661
9476
2633
283358
138428
25821
6678
83595
1945
9064
113178
9895
51119
203522
6583
26140
4285
55813
9925
51714
4351
51170
196264
375686
2009
113802
25874
118426
887
2876
441478
166929
23218
64800
7767
83636
26507
55200
57105
148113
10591
57609
84274
5464
152007
30845
10087
55852
7127
8745
653509
283971
4357
1510
199731
6003
54982
53832
653583
9617
1848
391356
221477
84632
10652
2572
55773
93343
5570
1809
11322
89848
84501
9122
10799
1890
56243
81545
79068
57536
9826
4682
57515
102157402
153364
64376
64131
56999
392465
64118
157378
84888
5184
84874
51534
90204
216
10717
64398
55194
57677
23070
2686
222662
57547
10158
83852
51634
23138
84795
4323
8832
400073
221908
8013
79675
10199
285180
8675
29098
127428
84885
5007
387921
57479
8092
91056
158399
26579
10587
55504
84904
113612
57478
54968
973
148137
3420
84680
25963
4758
100289678
343472
6650
57664
636
56910
165
1719
8859
93145
148867
57493
11122
7349
388962
54839
5881
219931
199920
9855
114800
345757
5348
50515
814
55346
6668
10384
283643
2140
79174
150209
114785
79070
79658
129138
79856
167465
51251
346171
8329
1745
27436
343099
143872
9885
51409
79901
8506
5229
6518
57157
8690
8800
54952
199777
163259
144577
64901
4254
85444
85379
91272
147948
113444
91461
64427
57453
55031
23358
256471
7574
196410
3046
79634
100505555
51257
79845
6553
3363
5613
160760
84905
92370
1636
84803
79736
84958
388701
23129
79177
57213
30818
222235
126669
8567
79064
27000
57217
374879
51124
255252
58475
130535
29886
115861
23708
23623
154007
54857
122704
925
2070
2592
10553
54861
3882
4640
1233
23417
8322
23593
7743
83985
7553
9423
374946
157922
79175
6843
285600
55572
79827
30837
148103
9605
2794
6903
114825
84065
57222
388536
214
10391
54934
28966
79798
25893
58189
57045
57091
4121
6940
113455421
131118
29901
8846
80352
284992
151742
57153
127700
128674
155382
133957
124044
54834
79644
90809
84941
54510
239
1292
167826
94031
137964
55745
84947
10725
10272
51012
57198
29105
10157
51373
8435
79690
4481
9831
1644
8572
169841
85442
206358
126231
387755
51339
1609
79135
7760
9535
84240
2741
84651
11282
89795
6171
51364
100532736
65062
51816
286336
3628
83857
1268
79640
3775
7712
222658
64288
54875
54901
135114
9905
10435
5078
9572
51315
345275
4713
112479
8334
51111
9180
79019
105372824
11142
283208
79056
125170
28974
51496
64061
23096
10203
115209
91408
1374
340371
177
23151
23254
2990
29990
346689
27315
8635
255189
221545
4600
3779
53343
57654
11022
3978
22944
203523
57713
80055
54555
83694
2902
80271
90019
7694
2941
1657
8544
400818
284352
22921
954
652
3606
27180
54798
201255
6713
4752
79870
283377
50
51204
51230
4820
200576
1795
81502
337963
51337
116224
1635
2178
1371
157680
9792
2745
105377067
25973
1939
220164
92170
81563
55332
126208
617
124359
8637
7738
4147
4123
26099
79694
2135
5596
57182
81566
128989
255043
140609
116988
240
2204
2218
5924
2622
51075
80183
221264
7035
56940
9760
7542
4125
55248
2395
7373
440138
54853
56890
4257
84924
10867
53373
375341
79763
337879
9398
79042
54102
203427
3354
338599
89801
197407
29085
126272
9860
56650
80324
283871
90799
80303
54960
91653
6515
9941
147015
100506736
63951
23471
26022
10076
128240
1318
25759
55266
124930
83861
139212
63901
8395
6549
57556
84302
23463
92211
23551
3600
3400
9277
7769
7162
8694
10245
2219
23555
92822
64766
794
137492
254251
60685
112609
727800
2645
10026
129080
123036
121512
84817
1946
100037417
163732
124935
115004
51004
56181
9721
9917
9812
403341
6351
2619
55179
9819
84553
9988
8705
63894
22903
2877
10659
57605
90736
132884
1534
55848
23167
85007
6319
155038
55776
54807
390637
116983
339318
10800
1645
10741
30850
56889
90871
84696
7584
55830
2867
54466
4976
285237
727866
51710
79031
222
342926
144132
116496
79934
683
6041
7596
122060
25984
23678
56912
57569
84071
92017
80142
54852
161823
23232
51312
9130
1953
286205
84064
22904
22846
374969
9540
79884
25966
50488
285193
113730
9
7434
2817
150709
9655
3145
728294
84331
11237
23527
348094
6405
266743
54808
80206
55244
128061
7701
326625
79676
29985
51022
91074
339231
79415
3224
25987
79659
79053
89978
91749
51659
80146
9069
5428
11232
85013
29995
57102
64773
22843
10691
3762
64925
219736
6902
55002
54784
7633
7567
84144
55601
127294
4671
91801
4953
8613
284086
113763
57696
56034
123228
56163
80315
199953
84626
6512
63926
90321
5008
7699
83479
114659
127002
84451
9728
131408
3755
1349
7355
8708
84102
22847
5005
401548
7705
728
286257
80139
23207
135154
147138
57231
51768
130340
84316
146395
25840
8479
375444
149013
27085
84327
528
6049
132949
27314
5205
64115
116986
54516
90485
10400
54103
7436
9381
375387
7368
221302
81558
11189
151354
84878
590
1593
51316
9537
64342
132299
84706
8330
6376
57620
51326
56676
100526740
55180
10965
27141
80210
121665
79567
128434
10103
6832
29887
3781
23060
51114
8659
219972
401190
54344
55151
4753
2535
64215
51155
56954
27286
375298
10308
201562
55856
253959
119559
79918
25861
63917
80148
8688
29923
57577
151295
4199
80110
84253
56063
55784
54946
29080
57130
84541
26503
4983
8809
80309
54756
2560
11145
113246
421
55225
79142
387496
54432
26519
131076
388325
55628
203197
100272147
285282
9858
84250
89846
83451
8225
22999
1004
200014
6571
344148
1120
91133
54993
55786
11167
51228
7264
84883
51540
91807
163081
171586
55534
169792
6448
8460
5373
653489
6373
283337
2056
3918
23659
10235
25864
8398
1396
89845
60559
3952
1429
6387
64718
91433
140467
145483
92359
56255
93627
83989
157773
90952
23228
11219
100101467
64755
23761
55591
145482
151888
4520
79646
2833
55654
55608
963
883
9022
85443
10631
24142
283927
100131827
23306
386724
27153
84681
113675
81025
79684
23200
1798
283234
56898
112611
4016
57460
141
157
169200
151473
9452
64411
84417
80851
976
10747
11343
79691
8802
26207
79591
2559
4345
117248
57048
80114
414918
22798
200030
55281
1132
7716
10791
23456
10371
23483
90673
51330
10350
7752
114905
3417
64097
84895
27249
89857
2531
84873
55160
1687
55228
3955
122773
284323
147184
122961
8459
9547
55184
284697
55760
91750
2254
90407
112817
146542
84419
8427
6248
9679
105375355
220042
3664
4828
10327
10282
55619
89882
139599
83648
130162
9289
84236
79674
2644
9488
50487
1812
51077
1489
9514
90956
196883
79744
388403
254122
56907
399909
2029
63897
79647
348262
2526
118788
654364
4241
114784
7639
8549
1185
55334
90637
64067
219899
22801
120425
388753
100132406
445328
84057
1364
80264
84909
7592
9746
55312
83937
115024
6697
3338
255027
5875
114987
56548
80255
10871
285671
8547
55319
4948
5125
7058
3574
83758
79949
9050
51728
55088
9731
66002
4939
403313
57683
81562
54943
160857
27165
55055
154467
474344
134728
89782
53354
123811
151313
57719
57017
144608
339479
51804
55051
207063
148014
3077
55196
285315
353274
11230
79612
2519
2635
8501
8884
149840
6414
11253
56951
64760
220074
54896
392490
81849
266727
81688
54890
63877
79831
85474
80219
23660
255520
11014
55966
29988
2702
9765
100506144
23590
84141
55112
80270
51092
55359
114826
54942
55617
134111
624
2180
402055
120114
55245
339122
102724307
57608
26048
56271
10732
91050
375757
9654
161291
6344
285596
79891
55105
22852
1002
285172
376940
27154
162394
55727
23333
3938
8416
219285
387923
57337
9552
23432
54796
56126
282969
3141
339451
4668
395
83891
54991
1009
51084
79071
4708
23554
221294
203260
2650
51703
785
340273
84230
10974
171425
3036
55262
2030
135398
56675
1486
8875
57458
65251
257160
407738
10655
55255
152485
146923
285381
253635
7100
54986
10349
57224
727957
130026
7148
10804
93210
51059
79140
374928
93663
51174
80745
79582
84818
64582
92283
23533
1350
133686
3899
128637
1040
143662
160897
253639
4636
4248
375035
83707
282679
91612
90527
83699
54545
957
158158
153562
349565
2110
23507
221472
2166
84337
6649
80345
84933
54716
136306
123263
6541
56261
285636
7582
51278
56947
55974
2537
4330
124152
84326
8722
9308
9220
5972
387640
286046
220
165530
54989
149076
222166
387357
147657
130951
222236
144406
25974
348654
374395
57722
101060200
221960
89790
51117
8714
23252
29118
8482
200765
10568
11163
165082
90317
130399
956
114902
51390
91894
8320
1580
56906
4440
5412
55862
51110
79629
23150
644019
100996709
338699
85235
23398
284391
10873
51201
152100
84437
25837
714
285498
50615
9487
25912
80168
11099
29906
63970
51102
117583
347862
340706
549
7275
63977
117145
259230
55144
284434
9703
80167
414919
497661
341019
113220
78996
375748
57465
2134
195814
84514
79841
389206
4968
3352
26112
26998
254065
29799
10201
125919
114757
114804
181
115584
261729
55270
53349
100529239
1241
79366
80162
23262
57732
84769
375033
9762
2878
10194
199221
90693
127343
246269
885
53942
79783
160335
120526
64344
6725
112942
135932
79600
170482
84203
342184
9966
9912
81575
10581
85360
5789
55902
152
117608
7637
150372
116843
79755
150468
196740
92691
51311
9159
9249
9583
57549
1134
10861
219790
9749
8989
128553
80000
85453
5136
9489
90203
30820
7976
58986
29965
81493
79792
57452
734
84187
26279
10316
91584
2846
79192
169693
8605
54537
1389
5046
10139
80070
113791
55647
55351
726
145864
65243
7940
90113
79982
80209
79800
10660
5028
253650
7634
144245
64220
400566
79413
64094
8609
340543
23767
8639
126
57538
55239
80201
9710
80778
124637
79153
90416
51360
126917
256643
84765
51167
119032
51093
353189
105374836
54558
4293
619279
7122
79912
2262
80208
10154
127253
158293
400451
55192
84288
112487
35
55357
11094
79368
284
84034
8831
53834
79066
27166
389203
83943
91300
126259
90075
2524
387119
140564
3680
10588
57707
7060
7620
57497
84570
55289
79758
1303
8840
613037
140733
64776
6580
84890
51704
9843
23007
9663
340075
124975
