4116
3187
1063
6840
257019
539
2908
6421
3459
6472
80279
3728
59345
6059
8604
23380
8841
10009
10079
79608
8452
81631
3857
5460
79833
79008
134957
415117
11335
5591
22938
545
80144
286128
7756
6138
5775
79734
4851
51434
56262
1880
54165
51649
6950
10971
9782
27185
10127
79666
4914
51608
5931
5252
1207
84967
3832
6228
26064
80179
10273
9531
3188
4154
30011
6311
85440
7415
4130
1869
8202
80342
26127
50855
84159
58517
8353
10523
322
1029
8450
6201
6780
10527
81608
3981
63898
5500
333
5300
8539
3064
26468
84304
23193
6446
6748
5108
10112
11331
996
23028
8676
54815
8350
5905
10482
3964
961
6386
54458
1457
8533
1387
26039
8669
8667
51619
55611
39
4163
723788
3615
1213
1454
1080
813
351
11269
26580
8409
26517
1678
4214
6137
5976
1938
10013
84955
29775
79705
120892
10298
7529
64422
79155
8517
161436
3178
22827
10188
7704
5682
11047
9759
23411
5518
29966
6872
2353
55930
7111
55003
9045
50512
54534
6182
5869
2664
10075
1642
3796
23363
4208
7534
10097
1212
83939
1627
55607
10681
3316
29889
10146
10632
23612
2521
3190
79797
138046
51018
2033
8359
23326
3313
2882
4793
81930
3320
1408
3276
7068
85477
1021
1031
51043
6667
81565
137209
7249
1612
5980
93474
5360
200895
10483
6850
8899
6628
6901
374378
7283
10694
867
3575
6155
6134
8189
56916
3175
5925
3146
22879
64601
9774
51535
54464
22948
55355
8360
10594
5795
8738
55367
7321
7186
28996
4204
83987
79901
672
1025
79132
3692
23178
164
84081
4641
51133
90507
6050
26060
7251
10193
1655
207
4709
55967
4701
8837
23451
10128
140458
5110
6199
10528
8342
57062
5598
3329
6733
147339
2335
10949
127829
7388
23400
4886
5595
8751
7329
3725
9202
6613
55183
5501
3091
25942
51143
55148
8354
10987
80204
7514
94056
3171
7088
4436
8036
22808
661
10623
10980
8148
3895
93380
7410
8651
11171
2775
29079
11140
282974
9657
8454
10477
8493
3014
1994
4774
23170
51547
9678
84105
27067
8575
7316
1173
6626
55165
10015
3065
57621
7965
54069
988
10078
7372
11338
79590
5936
664
22907
3608
9820
2806
6788
3336
4609
55771
26986
4738
5747
5728
54891
10856
6640
57692
7094
3184
445582
23166
23062
94081
55623
54517
55717
23710
2091
54865
4763
4293
24148
5071
331
9131
6875
2957
129831
8453
5430
57561
9146
2932
23678
1856
55791
51517
1859
83737
8650
79009
6895
904
5371
112939
60492
11345
3032
6597
5599
24137
9055
10951
84787
1203
10423
55102
4291
1717
26046
83933
9612
10048
4233
6794
5700
9097
10714
1108
1729
7411
5894
9869
80097
572
6281
645455
90060
54433
54509
10569
2801
5433
9646
9818
129401
9351
5331
4832
55154
79888
6711
324
26155
10890
55004
51340
55837
51741
23466
8356
30
441150
3799
27352
83892
53335
3066
10250
373156
1650
8668
2296
6299
83759
5329
4669
6599
56829
5597
23421
81622
25844
56950
5128
7532
7531
1027
94239
2130
54908
161582
55507
11311
10055
57562
2804
9564
2288
6271
162461
23399
57534
7325
6175
5494
9275
6760
51222
25925
93643
23469
6829
79882
3837
5954
399687
26270
55193
5685
5718
5725
4189
85403
79101
139231
51283
598
2580
10432
369
3326
3309
6045
5899
7405
9589
64210
54994
3115
8554
2752
100288695
10061
25920
348
7416
6789
2969
64151
60493
92906
3384
4478
203523
2885
1639
84557
6187
408
8726
55131
25885
5202
22983
10556
7515
51776
55704
5139
841
10210
7419
4843
5695
1740
2066
90410
26146
6117
2189
26043
5708
8243
113130
10014
2746
27248
7327
287
9099
23624
997
22809
8363
8968
57504
79577
5828
10640
57510
5714
10772
28988
55785
22889
23390
160851
55605
1977
10989
4301
55366
4691
23076
5686
79701
10082
468
10970
116449
5510
2491
401541
1789
5833
11120
11133
1399
665
801
1159
5290
2776
51527
5824
1915
23386
57565
23549
9882
7314
1778
51652
27183
2023
22992
8678
8891
5025
8355
8294
10043
4869
55153
51067
26995
5424
23409
4817
10411
5903
56243
3281
285753
154313
79017
7257
7175
546
7112
10474
9968
23189
5499
9984
4216
7391
10621
7917
54557
81539
11261
57584
5711
5395
8473
8314
57599
159090
6775
117157
9722
80311
55755
9530
25
1982
23020
9636
7030
5707
55339
29896
7284
55168
57693
10049
7157
26258
55093
6015
4173
5001
7301
9871
158405
4191
2272
2547
10916
9861
8766
54536
6449
10952
79869
79571
65125
998
6119
7156
10540
6202
79657
11321
9611
6709
51765
55917
4221
5803
6385
5209
4704
4723
6634
124936
84197
55170
10809
23397
10131
90362
892
112950
6605
6604
10458
200186
1796
84268
3312
645121
113878
9821
1739
2977
11157
3607
1523
10241
7916
2782
54331
3956
6607
26354
11119
11118
648
5688
23468
2065
55069
22832
9031
10155
56257
9092
27237
93487
5511
2634
57332
1937
3159
4354
2597
5520
5932
4599
8266
506
2554
29979
56674
51637
83461
10106
27161
23242
6118
126526
80145
5594
4751
7170
1147
8761
908
55844
79811
1656
653121
10460
84282
8065
1503
3996
9770
810
10419
6622
3308
3720
7203
2010
11180
54540
9444
22913
143458
5116
51780
51422
84292
26121
9128
6747
114818
6233
2079
4927
55308
5564
55178
5152
4798
51603
355
382
23345
7023
4193
8540
55054
93166
643641
1822
79269
9077
6868
65265
79174
26156
2261
7454
472
54953
10134
328
387521
6500
51138
55668
830
25906
8560
9669
9730
25843
85369
8850
117143
10140
4088
8352
57636
4281
5713
255967
6637
55610
27333
9448
3688
7706
5522
6949
6741
267
5049
6611
528
1407
10111
23543
5136
4133
5515
11221
112858
11130
58472
6144
5521
23524
2800
9044
5702
9219
84612
5036
11346
5339
9987
55072
3030
6235
7384
2887
57520
4067
6217
9793
26015
5681
162989
5887
1501
26053
23641
79618
554313
4005
10598
79035
58493
5317
51377
25782
10313
8562
92106
54535
23636
2888
1613
6938
124790
7376
6257
4706
107987373
2314
128866
226
550
11236
23043
5830
8528
10376
6671
4899
55722
6427
284695
9410
8361
6195
11066
29945
8697
55173
101928160
9875
6655
310
10059
29106
54187
5593
10808
481
22976
6224
8470
7266
22985
9777
22908
4702
818
6157
5978
6601
8737
84708
151194
10525
54407
5782
10051
57727
27316
1073
71
64431
10480
54872
8440
23031
54472
11052
8289
10915
9931
10399
9738
2319
84859
53981
89941
27068
55640
9221
4773
51428
55968
11124
10956
10277
84993
6310
51371
8683
10236
56288
3185
1602
8662
7343
10010
3838
8614
51747
10921
2307
94059
9532
23435
474343
79693
55719
10133
3219
84464
51499
84726
8665
4670
1499
708
8366
26152
23412
2222
11007
23270
10492
4591
7187
5983
56893
6692
84966
9315
9958
10592
57695
3024
4734
3096
54840
372
55660
10346
9053
8428
7248
7216
60412
2961
79680
100529063
9474
10724
6198
4686
50807
143187
9482
993
55726
865
7533
22919
4616
5608
51564
64375
25793
56852
5691
26747
9218
9527
5930
7178
7323
81847
7307
57129
55052
151636
7328
285600
4134
63875
26994
47
1759
9685
55681
7466
5435
23064
79654
55664
5607
3006
81889
55526
22981
8139
84309
79682
5878
9847
22927
9513
5928
55957
8565
162427
9919
5245
84959
5692
7037
79072
2108
3181
4255
27330
11161
26168
5411
817
168002
3622
25862
55149
4771
1736
92345
9411
22954
9413
49854
23013
5771
153733
541468
55709
5573
84978
868
26003
3192
23365
8777
59339
6647
7322
10963
1270
79786
4904
28964
9001
60528
50813
26092
1154
4087
694
51255
11060
6919
9698
55971
5565
26056
5885
6222
1050
84285
11215
8774
9129
79443
84260
23557
9737
6908
23177
1487
10524
11059
64979
57596
55364
6122
9775
6129
55011
9212
196
9049
220134
5586
862
9877
4292
8975
25839
821
64343
142678
8786
113115
23588
54625
134147
27252
51592
5862
1385
79803
23383
65003
79784
64771
3205
11168
51306
875
23283
5716
9967
23499
27436
8508
4141
7009
29956
8301
27327
6633
5217
10625
10486
3992
5745
57103
10929
10668
55754
5337
9406
3055
3572
23559
10580
96764
2931
4137
466
8471
5295
6595
54934
1543
57092
23476
2060
1198
641
64682
2186
8945
9416
57120
3005
28999
8290
6879
22894
5829
1540
10875
9584
10342
84823
30849
6197
10454
26164
23405
79913
55094
552900
5093
51009
84447
79948
6139
4175
10567
6464
3643
134430
3068
10276
8351
51684
27148
3182
4800
1386
9265
2935
56259
4792
5783
26993
4047
25814
23521
6132
138716
5347
150684
29993
4509
25898
197
213
64087
57521
8663
25792
1466
118472
23191
10575
192683
27131
23184
5335
84893
10947
2869
8368
6598
1716
4684
6434
23112
25788
55769
55246
5984
599
6925
196463
201895
51100
56904
93594
5590
5704
5610
8815
1948
25894
2617
57396
56963
10018
65988
4854
79446
7011
2730
7390
51647
54039
54778
58480
115548
11198
23764
81926
51160
5193
5192
5888
54904
23048
3303
2287
80135
79159
2564
9236
2118
9867
58525
6606
89849
8161
113523636
81550
84191
79977
8106
64754
2011
65018
11154
57679
54819
79759
705
51663
7536
7324
9961
5987
51003
5436
7913
10673
253260
142
23054
8661
51320
92344
51272
2185
11035
9070
127294
29110
10521
9643
7541
51706
1129
4711
23385
55626
3337
56254
5585
7846
90850
51606
93436
55081
25886
4144
211
441518
55110
10363
27107
84365
153527
6249
387
160
23234
375
257194
6801
29015
121504
10284
5366
7345
9217
6867
10576
701
7205
26135
23517
1196
27044
57187
6809
7159
4000
2720
55916
6229
8365
8570
23404
7133
6576
4135
6096
124245
9463
26278
23198
3609
9817
10142
9733
6135
4306
834
8835
10328
9457
100534012
124997
26999
55892
7874
9946
51594
171024
81620
23211
29781
51150
6124
57619
55275
4780
5604
22807
91694
57646
55294
51447
85451
3920
25945
444
29117
8649
64121
55342
118
1460
8924
55831
29978
57459
64844
80854
9915
4131
8934
222389
5198
406
9575
26259
4628
6804
6209
3028
56993
3301
58500
7169
23552
7019
55026
338692
9588
10617
11200
8930
10574
80005
81704
196441
5693
5871
8567
6830
9113
10413
10024
54971
55048
55824
6764
55898
10038
6827
8370
55596
23135
51010
200558
64748
10988
51444
4736
55602
10116
89853
6732
140890
326
55810
83855
11020
2665
60509
54438
8439
5719
5687
5886
2305
1785
6456
6285
2309
57144
114793
55352
9804
9978
84259
53371
25836
114971
125115
6790
10542
23143
10476
1388
5516
387119
10985
55388
9709
7014
526
55905
84851
2071
79961
25873
57533
219541
7538
10253
6627
9879
10153
6258
57215
4155
5204
22980
2354
6189
79096
11129
26240
63027
11103
23287
8497
1468
3654
51070
89874
10422
221120
57698
2104
9318
4513
3581
5140
9785
10179
27037
10912
54892
27072
55014
25901
1432
5801
55177
2799
51719
149628
80781
8337
8939
54477
23229
2767
9401
6929
5230
55127
2260
6461
51593
51375
282991
196403
23162
6602
51162
27229
9810
51061
8536
57118
5468
221895
7090
2034
28231
7517
7984
79663
311
55040
55240
1453
79839
112869
3008
6161
55646
28958
58506
1431
55578
79065
5437
9627
27125
6632
617
55226
8763
170959
23438
90933
90273
57498
10618
57189
3476
261726
29104
79001
65005
7084
9743
53358
4750
5581
60312
490
7163
7165
580
4089
163126
729852
3839
6314
57673
9521
55692
286053
5705
56886
128308
4728
4724
8362
10813
7468
4733
51184
51082
54206
8893
10254
6688
1788
79959
55290
23039
1410
221092
3726
488
92736
5955
10426
840
54954
7332
79751
1659
5933
22899
51366
56652
7168
8775
222484
57449
373
6615
2294
9147
92521
7260
54443
989
1964
10657
4690
192111
246330
10084
8237
5981
11315
9618
57594
2821
9425
3672
9700
4794
667
25828
5611
80198
23255
10170
80727
90459
7884
51726
55139
7067
10539
57473
85015
6294
9349
55871
51105
3275
6256
54939
54951
51013
23511
346157
4302
22994
1314
112724
3419
5052
170506
161742
23295
10615
284058
333929
4889
4926
27349
6428
51545
84060
9656
54532
5536
2768
5201
51744
84270
7041
55636
9112
2107
283349
79866
5876
2912
9975
9414
51194
1643
7507
58497
4830
6185
64927
58487
220988
11113
11073
54976
27238
64837
51602
8681
85363
51574
8021
56888
9918
55197
65990
50937
51264
88
23334
8936
84062
10787
6152
3735
112268148
3084
221937
9451
65056
10445
143884
7334
23186
55379
79718
59343
49855
56897
29761
1911
9328
112495
2771
3577
8175
5546
38
10868
7247
5710
4915
627
3815
84866
10928
29844
3782
23534
5690
5683
64145
128077
80321
25959
55421
126961
6477
3636
2042
805
29115
2742
25800
1525
27115
200081
6432
90864
8099
8576
1312
28981
80817
1478
26118
397
51324
91647
90678
22895
5864
3191
79656
3954
790
23492
3398
55012
6812
64110
57466
10969
26122
9169
375056
55311
86
8295
124801
5178
10198
23410
65008
219927
3009
94005
10213
27043
10514
253461
8504
55670
81844
2670
259266
80764
5884
51692
23288
6125
6390
127733
254427
51548
25956
7543
55166
7317
1182
3965
55274
2784
9628
4678
7818
4673
6293
1000
23677
54737
4893
10490
2770
50809
10994
11284
83858
5689
8894
84186
10094
9667
221421
51678
4905
3742
3699
283431
2289
51435
10628
8674
10228
3093
9149
8892
23558
6653
284654
9911
10138
63035
23085
3551
93627
2197
54765
5090
8480
9935
57787
63891
205428
2959
27095
122553
3047
8760
1201
115908
57798
8836
491
11065
23335
23312
7128
81858
84516
27101
55740
9948
57488
84790
5603
9883
91252
5873
94120
53826
55142
6904
25895
51561
10973
9908
273
6453
55300
64853
10412
3489
51026
4695
2872
10658
8861
79871
92421
5195
5915
63932
26269
65080
5297
8031
115752
26058
85021
96626
8079
29068
65059
8971
55699
29927
54910
10152
2962
55691
7268
5579
9610
10614
80205
57639
57506
3310
80700
79058
23580
5413
3306
23235
1727
5582
3661
2923
23770
23204
10058
5528
5531
1400
7572
5064
57228
10336
8500
23271
55062
3183
2926
6786
10498
2737
7270
6426
5361
2017
57002
644
651
3921
10898
2898
6429
8405
1741
2904
23164
27258
3251
7263
23367
147872
728642
11051
90993
221
23780
6833
11069
114815
6272
10487
5226
7132
498
153642
55715
22890
2956
3364
10541
55215
60561
119392
9256
22881
57169
5336
22996
64805
7417
29078
51079
54931
8481
79664
51773
5787
79084
8932
5000
140738
63893
178
64960
7905
84722
23034
115353
6227
85439
8318
538
23787
9188
2824
55172
2081
411
55061
57192
5727
55216
101059938
7398
9101
64854
10671
2948
4779
91057
11159
9734
51507
55506
5861
8553
10130
6047
5320
10902
285172
2963
7086
23136
79924
327
55729
22974
8367
10735
6712
10497
11196
55133
84132
11264
116254
4245
3939
1278
27246
55819
84572
246243
740
9702
64420
5796
23005
6881
8125
222255
9040
6210
11224
5530
1827
8573
6645
79139
8742
4744
60491
79780
10248
259
8503
65264
1738
6777
80143
132320
90480
1810
6885
144108
7936
4287
2067
79886
202559
284403
4300
55521
3716
11326
4205
23281
80067
79016
815
3708
3052
51566
94134
55066
7409
222584
8402
3993
6749
3020
80149
3156
79724
4355
57634
6193
8467
84656
5578
29843
10189
64761
5831
221188
6141
79791
7841
9555
23673
7798
4643
90627
54606
1676
387680
221613
64802
760
10844
238
51027
81789
8664
126626
54927
2495
23582
3092
5481
25998
5576
3892
9972
3759
1742
65975
135293
80013
22828
9150
10001
54480
4209
55850
6723
51503
55293
64418
64783
55327
221749
84262
3148
339448
4952
150368
84131
10616
1455
53944
23344
7158
8881
3670
9354
117178
6689
9361
10957
60488
28977
5780
3297
200845
54623
55693
84908
50628
275
54797
55090
83605
55116
3597
5218
170622
6722
84305
9441
8178
2
125488
1059
9464
79817
24144
8543
10643
6230
10600
8340
1345
25777
5094
54984
6497
1912
23111
9372
257397
9747
54820
7265
7903
5538
5162
7535
6194
51295
8241
7272
10579
56256
2323
7520
3021
3845
54828
51363
55684
286262
900
84247
6164
9786
140885
10712
2109
51257
9495
3712
10645
3927
55964
5832
27159
84343
9337
51631
7188
8767
55924
23119
3090
26575
125058
26001
6596
9694
132660
57325
55689
10653
8813
27034
5321
3396
83548
64839
65986
64850
8808
8085
92799
56121
57542
57333
84549
201292
605
10726
51400
662
2890
65095
5129
339366
2512
1327
1629
6942
10262
10147
23239
9928
87
64101
7155
81892
57470
8658
66000
57472
23019
57381
5058
79728
5429
8087
27075
5037
826
2783
56945
10612
23157
55752
1104
23644
11186
3397
1653
196513
90624
22848
10159
65094
79616
25831
25809
23759
1315
79670
5099
220965
51253
1917
4192
84128
5709
22850
5580
57546
4636
4776
11176
51154
10197
57519
9412
51141
65082
78995
1211
4683
7518
140685
57532
157769
7586
7579
79109
27339
7337
5153
8204
23329
2648
4602
54414
8828
83734
3563
23560
6095
9644
5563
84364
93974
6383
2191
1762
51263
202051
7528
4297
6431
55763
9467
3304
6793
58509
10379
8487
483
9415
515
116028
80010
55086
117246
84946
4731
219738
163183
51008
51742
144811
29093
10573
9486
163486
51729
84816
753
23268
529
24140
5338
23155
54870
8623
6303
10629
79037
11104
4722
535
3117
4092
4739
607
5898
23032
58504
80746
8357
10293
1445
9857
3069
29916
6133
10749
6092
3667
51339
6301
27291
7110
5045
55690
7297
10114
3621
9135
55651
6625
4074
26088
6218
523
51693
5825
51441
1958
4665
10992
151613
55759
23246
7290
27156
9670
1615
51430
81875
3265
8379
5127
26284
55627
8050
93655
2773
5422
4140
9134
6136
7046
9392
51107
55851
23201
64744
6142
9945
1665
102723728
8455
22803
902
1666
9652
22950
51807
9454
25825
25791
29948
11201
3717
81929
64708
54386
4082
56934
9796
9166
57617
1660
9126
53615
7277
163
7813
4294
4760
27031
4867
9926
334
9478
10607
2733
5096
613
5566
8976
29126
54958
3163
157638
9025
55589
2629
79641
79036
23265
23491
4601
4149
57606
5621
8458
26298
4535
6878
7919
6416
4077
51661
8666
874
54107
29911
9724
84321
5939
23613
10557
7182
11072
5431
11021
525
23741
23203
3925
2248
9815
9853
3586
22862
55092
574406
1909
10181
23285
84033
6009
5147
1967
23523
403
23481
23212
5663
25855
5834
4908
56052
26128
83590
6877
6128
4331
7681
5966
22984
11183
23309
995
114
808
8613
3798
26086
22916
3104
59348
7525
81669
56935
283229
79944
5655
55229
8445
55365
26353
400793
10421
687
55125
92597
5519
10240
64965
90102
374654
9894
23049
57647
51069
9321
84939
9939
11100
4298
7690
151011
126375
79649
27245
9846
4289
6728
26528
4261
10771
83640
23406
23216
1195
84078
5298
10045
55299
22931
5464
9360
51004
114034
8795
3800
51529
56851
10069
10438
25989
56267
54930
115106
219
5394
225689
8912
10211
22874
57175
2735
23195
113263
54902
65109
54475
55233
5723
8364
6176
84172
64175
1936
638
223
28992
64283
55553
9320
100287932
23
374383
27336
548593
29899
4356
84941
64928
2975
3486
5532
91452
51322
55285
2339
8073
5423
7508
163033
54462
2965
2631
6888
116541
140739
123879
1326
6188
5216
9197
29882
111089941
170261
79677
23137
286077
4839
132
55666
81887
221786
155435
3015
9093
7341
83932
1808
8343
26524
4058
23210
51319
5318
6945
8535
57674
5902
148022
1292
7480
56957
10468
6659
8192
10845
725
11258
57661
4729
1069
151050
55929
55361
832
7737
59269
60485
1965
23603
63978
5971
29099
10933
5867
79874
509
158234
64963
9184
51225
60496
9778
9261
286826
3784
5600
64223
55615
26509
6642
2149
11277
23594
124565
7184
5601
80762
1495
1954
51633
9175
1663
56006
51386
5883
2947
140612
1508
25805
90
54622
9897
100874074
8214
30827
85236
121441
1384
10762
1975
79840
6196
3475
6091
3684
5698
27287
10788
79589
11074
22880
257160
55250
11193
23067
140838
84942
5550
4350
11218
6907
23369
4931
5567
9921
89796
9632
23493
2976
124944
478
2897
5965
4076
323
64400
9699
79090
9183
9052
1787
83743
5033
3843
23633
9391
78989
9813
57628
823
64098
80755
205327
9557
126075
55750
837
28998
5694
5286
6183
10238
1439
4841
51280
353322
65268
23394
55181
1838
51121
3958
829
23608
143903
7386
64976
5091
54940
5784
4605
4486
7095
1933
150864
55758
124540
159195
8220
5479
79576
10113
7150
54955
2553
2551
29982
10884
6169
64434
131566
10509
64978
23313
4084
7204
9240
9114
2589
51292
2766
93611
23244
5911
9934
7107
356
7494
79753
9658
57461
10270
3836
4714
84263
57669
55825
51562
10589
9686
1102
65989
4807
80014
5720
25797
1155
100506403
79991
29760
9577
6208
4929
6154
673
317762
79956
120
145173
54995
56342
7879
84303
22794
55163
79171
51479
127703
25924
26610
80349
9343
11009
221935
51596
2068
3550
51495
9570
348793
4698
6631
9111
80150
5438
4594
134266
57326
9367
28984
10006
26145
7597
494115
54873
10467
23097
11034
56654
55147
84126
9590
55291
1164
55284
80323
29997
84231
191
5356
80012
3300
5097
54825
23139
54531
79711
51808
84875
5469
80108
7422
10602
28976
84928
57684
2677
63920
81559
9779
145282
2787
124995
54482
84294
147700
9688
56252
92609
2896
84233
79567
51388
55035
266812
8502
219654
8349
6612
6430
135892
10165
3082
54507
129685
6884
9021
54972
9559
1969
81873
56922
23464
29937
140606
200894
6638
4862
23046
126789
55728
283537
23190
57805
333932
8888
723790
81603
2672
22878
84669
1942
3984
6742
57418
23592
476
128312
25847
55661
6237
80306
84707
10874
8706
30836
5985
8906
1193
260425
22900
6206
254170
64949
51341
23008
139341
51001
9739
10914
23142
54708
51024
55840
57551
1509
8874
9252
10226
2697
7458
128710
10073
4048
80021
64118
10040
8446
79137
138311
1020
9158
6143
120224
11160
23001
3985
91319
51465
320
64428
9903
4998
64793
10935
1070
80705
2059
147179
131601
55324
27429
134359
26292
6522
57554
4835
55227
10656
54205
55585
51122
55697
100528020
5706
6158
9647
115196
1649
23091
94104
5214
56648
3431
4718
3705
26512
65110
200933
20
84079
84466
60343
23353
10603
3399
7551
116931
28987
6455
55920
4726
23396
55432
9666
274
51755
22885
467
4097
56683
51268
55037
27335
8986
5496
3482
7402
83719
7385
10730
329
8239
3790
145508
55863
158
11276
896
5523
990
6499
57706
84458
10231
83871
51195
5781
145553
9213
10728
3344
4521
9790
6730
57819
256586
23632
2954
1051
80258
51290
51614
2308
7705
55841
10395
231
84256
57575
129807
10062
64777
116071
23325
56970
79048
9839
22800
54923
25983
898
23263
873
5934
7027
9595
8548
728689
79003
83992
9901
25890
7855
140691
1600
337879
9682
2263
2255
23649
10291
91272
8273
55278
7171
92
94
23047
10274
25929
8773
204
894
285
57592
5916
26173
2332
23348
339287
56946
7726
5910
284001
9324
208
131578
3646
10397
23179
427
14
1993
84129
5445
4735
90522
23609
8819
2181
10195
8193
50814
6181
4026
6670
51002
80344
1039
23450
9878
64760
79659
25822
10461
135644
663
80184
3727
8260
64946
23530
11332
6720
25934
23286
4833
4849
578
396
84324
7750
64216
26147
9181
11152
9753
5805
156
9706
8531
23414
4013
11127
27005
60626
7918
54602
10099
10801
11054
9601
404672
128178
8829
8394
2802
79980
90427
5507
5509
2494
8816
5534
64426
8624
4001
64241
64798
1337
57600
201163
1363
3983
84449
699
6996
25930
10611
2242
55859
80325
5641
78991
659
10409
11235
10025
55341
9868
51586
1479
119
51300
25962
116985
4296
55151
7167
56952
9325
27036
3912
493861
439921
9726
23225
10260
8625
5730
51655
3295
57136
92675
28989
10847
57185
10978
104
84775
84886
1774
54970
2870
5427
158427
54476
2840
166647
6259
80254
5660
80153
10471
132789
835
253769
55209
3150
9898
2669
80305
4831
11102
81876
5917
23630
145567
1947
4898
5977
92960
586
9380
5210
57474
4160
56246
51433
55746
79893
24142
151648
3987
54487
5868
64786
56616
11080
8312
24149
493
79002
55254
6204
9519
9203
84450
5434
2762
5082
57591
1983
23413
27332
942
55016
8721
116173
440574
10307
374393
91039
9118
27173
27065
267004
23368
5577
4150
4008
80789
6713
230
5982
122953
5106
23092
253782
140901
55829
5495
1022
23174
64795
5080
23564
64864
5701
1840
1906
84289
27297
8886
8853
8915
51451
92715
6767
3768
7486
64146
522
11340
6665
10085
10654
5529
10087
10466
6156
11097
3980
51700
2058
84218
2997
29888
6890
6811
83700
57018
56943
90411
6173
55737
112936
34
23220
283807
29101
6337
92105
8078
7074
64968
79834
1981
3689
10558
27240
51639
29074
55718
83608
8711
1855
11228
3665
8338
92259
10972
221504
60686
56675
3785
25900
9744
5105
5612
132720
80347
84619
581
4361
27303
91
3625
2891
54941
5906
55700
55152
4238
8505
2139
2781
55320
5425
64062
23595
115426
2747
64377
8568
81624
85014
2889
5138
84146
23321
5929
51382
83694
64689
8490
54863
1267
4725
81542
79837
23163
80267
284996
79583
79624
9547
79039
80006
201595
8449
6710
89122
10923
54867
11222
80829
1289
1296
8323
1760
955
1843
8336
94241
8110
10007
57715
55703
116115
9943
66004
1728
11213
51135
79960
23176
84759
2788
9625
8344
80213
91603
10775
7407
55738
51365
51155
10081
389840
115939
64083
124739
57665
1861
151903
1857
6234
10590
6810
4642
2224
644150
84061
8660
79643
203
29924
283899
308
23247
84273
65117
55854
55833
9520
23347
118924
10283
54583
23528
11078
1974
5154
54014
9421
10011
23495
5810
2237
7707
6738
9019
120534
4617
9781
7469
51144
54629
55207
55340
645
2212
2960
9369
22871
83732
3376
51520
27348
83667
23051
22824
31
1105
55345
91369
5163
51642
643853
65266
27347
55823
56474
80273
6641
1163
1018
9338
25909
10758
23063
103
8648
27292
8615
115557
23597
9797
10475
254048
9665
87178
55701
55119
57492
51429
79861
10533
57205
55732
224
819
131965
114883
23640
1152
816
57213
389677
7552
3216
5229
10439
10256
10452
4907
6184
8997
23645
994
5144
1737
4747
7805
5213
7102
23187
684
4615
340419
197335
55677
83443
79939
4836
146223
8905
221830
1106
55770
5393
1725
27309
9950
2021
64924
9904
54776
84991
57088
114789
7755
3097
26505
2182
56926
6594
284677
91582
79026
81537
90324
29935
83692
5605
10056
2193
92181
2550
57142
3738
54888
54512
10450
113455421
79027
57380
51691
23269
1819
55714
26119
117584
4920
100379661
10294
8863
8864
80304
55156
56181
8880
57109
55167
7832
283489
138199
843
10733
144097
4200
201475
10746
81556
9015
26098
90780
57505
6191
79050
144402
55249
79754
63908
51116
22937
10946
10773
1436
10330
133121
5891
3007
2992
1124
55536
22
201164
89797
10922
11128
85456
8498
25994
1174
9933
197131
157310
5326
54918
8195
9132
55034
7570
58478
23762
51599
254428
6820
440689
23753
11033
51239
54998
84920
23152
29072
8526
22853
10200
54542
23373
284459
51650
7403
53407
57180
23420
26953
400506
129303
6546
5753
10286
9825
54758
26515
26519
256691
3012
221184
28969
23168
79228
344558
9623
51073
10123
10695
57190
10362
283248
26249
60592
9637
57761
83879
57703
27128
29767
3671
6621
4253
55696
81572
55007
128989
9295
27018
57403
7511
89857
2911
6489
2002
3067
23094
7566
130502
8546
10664
4860
55039
1277
5870
201627
11112
23352
23304
23002
9525
84936
30001
157285
25940
197257
80256
1375
283237
51622
221443
78988
29968
64395
10682
27102
90550
79080
54521
91544
4236
4085
5289
8027
22872
57544
22839
22941
79102
23480
9455
6400
80020
79075
5349
984
84317
1793
56478
114799
6238
7025
55512
55795
10459
55466
54749
8609
9382
8820
5352
23012
8270
11329
4128
6874
11267
4644
11000
94039
90441
399664
84067
3693
653333
9258
100128966
134553
1901
567
79989
1677
3233
389541
5875
5524
64112
28986
6845
84916
441250
200424
9342
317
114879
10526
5927
5018
4152
118812
1837
10295
56931
6252
55869
149986
7381
16
91526
7098
9442
10723
54882
23350
55671
80007
26136
660
6418
158038
55353
122769
1329
100423062
1662
55781
9254
23148
26035
2264
83873
59341
25902
9801
80227
55638
6159
28965
203054
6924
27254
55425
3200
57708
5533
23387
25937
139324
51490
23607
64759
254013
9253
8347
83746
4041
8325
9201
10427
79767
375790
56882
6399
6242
2705
9208
9172
221037
90231
284297
22821
340359
51455
10278
26504
55182
51312
11231
8703
1362
26574
64222
6452
513
9937
161
7709
27257
55210
7253
114049
9889
54929
8574
22909
100874369
9352
94274
5587
92255
92610
149371
9100
79629
252983
10570
84675
6648
57096
5877
4009
153769
84699
7089
7001
9886
51389
80818
4637
55228
123169
6433
29984
119504
29907
81030
51112
79842
183
27122
10641
84330
4881
144501
7064
81617
54554
4129
4801
23053
9798
203328
91662
84749
5191
9794
23500
23774
26191
25936
23016
285527
7866
10096
79598
166968
50804
29098
9516
79725
8315
147687
10549
8335
84319
57484
9563
51021
7784
90161
9616
65083
116540
9333
79714
29123
50485
51096
6651
51011
4007
9182
56910
93183
23637
5589
6236
8870
81552
2205
6675
26589
1749
4487
84295
10606
64651
23509
79890
11285
56341
90806
3897
54845
2050
51478
1841
5432
147923
10109
4913
2073
353
5365
7873
441549
92140
3660
9541
55559
3739
6897
4842
4512
30811
54814
59277
25915
27445
3675
56927
9267
9684
55269
84892
29952
54806
81790
6304
537
3029
3226
57465
25948
255426
23357
90268
79720
7220
283638
64320
4190
5098
51380
80381
6493
80830
5527
101060376
64319
8358
81611
8634
5757
2934
738
10252
8780
400
4782
2639
1996
116840
79752
83468
55015
23654
27236
8867
10365
165324
825
6623
22864
3691
5303
10
64425
8321
1828
10534
83447
4139
95681
50717
6753
7043
54520
51326
60672
811
54059
54899
57794
54584
10054
5211
196074
51657
54700
1621
80023
25830
1802
11187
55234
25778
7593
23023
152006
5998
2647
4753
5514
5979
257218
246184
29890
23479
55861
123355
3177
4924
5170
55198
149041
84844
9375
54453
2244
150274
10005
81855
2903
9789
167227
2982
7812
84914
5362
283078
57670
79796
65010
79414
8227
10311
51329
113251
10849
56000
64792
7770
5866
9807
6239
26276
5609
2131
1968
84310
64975
100289678
285190
4194
2620
26024
23621
3756
146439
79818
10531
51449
22902
4850
6672
23208
55766
58491
10401
23589
2137
4316
146057
51491
8332
10939
342945
51187
9546
3612
55006
255394
5547
79621
4857
9054
171568
65977
79789
4522
27443
5073
51274
80824
9209
9465
28956
9687
9039
26167
439
51076
5909
9695
80185
51132
25904
8890
10651
3842
54788
4775
56913
6309
27243
6935
23293
83903
23192
1003
1120
10464
219771
2239
2117
51127
11079
1763
8464
222194
54145
51101
8877
10742
9373
80207
79739
5087
79868
473
79770
1870
1780
6990
284217
79607
3033
144165
3977
3976
64762
11333
26047
8165
3267
8933
89891
25824
55253
27342
8741
4534
26133
57179
55768
22926
23403
5602
55505
10000
81627
5291
29086
5134
56896
3840
11273
6853
52
51460
57552
84937
22929
5471
9863
27341
10449
51569
26225
29954
910
2736
10314
55137
58484
130916
79000
1979
2247
22920
6934
55975
55884
56980
9672
58512
833
8744
56992
64763
116841
5095
4892
2584
2744
222008
23099
80228
5476
81792
3098
5089
25939
81831
55111
25801
7059
8313
388813
84532
8618
7871
55629
26271
91368
84220
150678
386724
9965
50861
440145
112817
65983
113201
284656
404093
3142
84154
3741
56975
6263
23133
64073
55135
79622
284040
84083
182
84456
10402
80011
6297
57590
26227
79133
29803
8346
9107
152404
163071
5442
83856
25759
26097
79863
23423
55683
1054
51605
2803
91746
79596
10110
84307
147686
84643
160428
79586
140710
26093
54949
201161
29940
3018
53353
9828
91782
93517
23474
84984
29959
9690
11325
286
11010
23338
79169
10101
50999
79178
50640
51552
55676
2043
51185
254887
4043
55843
55218
57609
10848
788
357
57464
22826
6695
23307
5606
51014
23328
146956
10667
5636
1471
84265
8916
84187
11212
53616
1743
6620
5160
51202
22841
80223
9553
11342
126299
9276
254531
128239
54734
4809
8672
8514
26290
6103
51291
79441
89927
93986
116113
81786
29957
27241
4059
374882
51164
9066
782
340156
6769
54913
6745
4035
6277
10857
3217
65108
84313
23596
139818
57489
23587
29087
8743
285966
8622
55695
9475
84547
283578
1622
50810
7408
79073
27089
1891
284273
92400
3978
64943
5763
23426
4710
22884
55074
7295
63915
9653
22875
10463
3118
64860
23131
80222
9397
54732
26140
23126
5627
152185
2660
10243
646817
10478
9805
51
9462
4677
114757
23095
101927446
1545
3703
90113
63894
429
51534
253980
5724
5859
23401
57650
79807
54680
55531
1184
92745
1121
9683
51466
9578
9761
80232
79142
23635
37
201798
55083
10507
23231
10769
55604
51399
54810
116092
9538
10636
6792
283933
6838
51103
55711
7039
79902
55033
93649
8799
3605
342977
9409
10613
492
23379
83696
11041
4040
57128
2719
2049
9823
54677
10584
57704
203259
1464
55653
5989
349667
1075
53938
10491
9362
8456
79810
4538
10560
259173
58526
7404
114991
9556
387882
8792
285590
6326
729540
255758
573
64399
6469
2005
80004
54894
1781
91607
8555
57107
81532
54455
10325
51142
55858
10672
64135
2322
63982
4017
51258
79086
5256
11188
56655
755
966
23332
23306
8527
51571
8345
55082
79581
24138
8550
2176
220972
27143
9479
9604
7296
84717
286148
146691
51171
23024
11158
10326
23090
84293
50484
51735
10905
23130
51526
2548
84919
80760
972
5364
51760
9086
83478
30000
56126
79091
3710
28982
55023
57659
7779
8131
10670
950
1632
23708
151987
1995
7629
402055
23233
54816
94240
10522
3833
55633
1186
10121
27166
64764
780
440193
23333
79698
113174
23515
27
4122
7702
55337
54106
80317
2817
80237
197322
80212
9648
26038
3291
23061
6591
8907
10794
28957
53339
23253
9353
7775
55644
84520
4720
283742
6731
2983
8545
55544
7589
4713
2235
5937
10785
55809
10855
3685
5194
905
3601
8896
113
286451
65260
26984
9306
54344
284611
90874
7286
100302652
55336
23215
9079
5354
51617
54518
27079
10063
131474
54461
60490
10199
5054
79639
23424
84133
240
2731
84275
9148
10999
54887
56270
8723
5791
3745
1603
883
10644
1950
56850
57147
10979
22930
1610
89953
84340
6835
253827
23301
10626
401647
30968
2122
2624
6347
987
102157402
23087
3697
6894
4676
6000
9585
148423
51182
10436
56241
3071
84706
2820
23536
80216
55793
11083
112849
25917
128061
80055
6016
2039
471
1848
63939
3781
83637
6943
1340
10008
10465
9028
81576
25879
26040
96459
5540
85459
64806
115416
55631
84668
57643
79637
84281
9842
54065
9997
162963
55662
171017
2119
57407
252884
57447
195827
51501
521
3752
54465
6814
83658
55761
593
57132
57559
80308
90338
6662
55080
373509
55028
144233
1892
55742
2444
85476
130617
54801
26130
23065
84705
158358
161882
60625
149603
10945
4810
51278
10435
1269
9419
5455
23671
116225
384
81788
127281
56681
9681
653604
148327
57689
2045
6389
11101
54946
360023
56605
57649
9907
55876
4986
2701
57701
10360
57050
9767
84073
25950
23473
5874
9509
54431
32
22863
3945
2072
136306
168544
23113
90417
64284
9891
7678
51128
64224
3202
54726
9858
56204
219743
9400
57117
547
55118
10982
5179
57573
4897
6900
5923
55502
11266
5596
1515
10039
114882
3755
115704
2863
124152
57486
29967
10396
23071
284361
8869
9456
92399
57462
163859
54878
6988
7326
1734
7082
11162
5863
91748
55624
23670
10908
55577
388969
11274
57616
23567
5696
649
22891
285195
81570
688
4485
105
8854
54960
23256
55288
23259
51250
2571
10807
51186
23078
10451
54101
25766
7006
152579
89781
3257
79020
121457
79095
26063
8518
54809
130507
51504
6609
23108
5155
10950
137492
78986
91304
11146
7049
4795
5048
7174
7347
9927
54977
28962
4946
2632
222950
4756
55191
55739
23262
84196
64398
27158
60314
26012
79034
4598
23568
91947
130399
8303
121227
2671
254359
3704
50964
26018
831
114803
10767
60481
84376
100134934
64089
221458
5355
80025
84100
3751
51031
55454
92922
27247
64784
50626
23647
11132
152926
9811
26054
10552
333926
66008
2561
55117
126308
147040
6883
80233
253725
10927
489
56990
64780
5993
23185
93233
5173
54906
57613
55635
79843
594
10782
54883
51028
3746
64219
55017
256356
81579
56925
256714
1181
27230
6338
64857
654483
81794
83448
60313
28973
80319
5592
57553
25893
3350
8091
91612
84335
57685
159
3778
7692
221264
8682
10983
93129
6560
23548
133746
56986
9278
80128
9741
6503
4781
26115
100885850
56005
374659
10092
23029
55565
64778
158471
155368
54862
8525
11031
159091
27020
55593
81567
3998
26123
25888
55808
10180
23264
8602
84057
6787
150472
55296
80176
7351
54969
8443
84938
27253
7745
2054
3227
8833
1998
5799
2195
51635
23059
80230
51759
83473
51231
339745
3841
29969
29094
91624
6168
81037
51397
84069
268
5190
9255
63924
8339
10959
63916
6231
57463
23729
414236
8438
100528062
10023
81034
10100
651746
9677
26071
517
3916
90121
5786
93624
79088
4715
23408
81553
26229
5176
140775
10537
91683
11001
8630
83940
8140
10943
26973
169714
5121
345778
22924
1839
51234
692312
51247
113026
125061
9170
8522
84881
81848
84277
2764
27134
3714
116143
56906
58486
79879
51209
64756
55359
5715
5583
5150
51728
27175
154075
91522
146909
6328
65244
7857
4595
23505
9650
8537
55344
57455
196383
54549
50649
63935
54973
9976
116138
94030
6860
64710
26289
2537
375757
126074
125150
80312
10020
81533
63874
127002
148932
56911
6574
7764
93621
376267
9545
92595
91653
6582
27250
10296
64410
23522
5174
51454
55471
1200
85378
79158
9136
23545
51752
150275
221150
6855
65993
5818
54552
408050
80018
9989
8341
114822
84080
5264
56929
55794
51081
10962
30837
51206
2207
114790
7374
8331
54756
112609
29998
80155
9139
6494
23167
23196
63971
79087
21
2675
2734
10548
1016
2651
10447
91689
2241
90580
266743
54468
3048
54704
27022
1635
55620
55954
83990
5467
25819
54505
51230
10827
26137
129285
4712
285237
8754
23158
54874
105372824
713
83716
9758
57662
221960
9772
55669
54812
463
90990
166614
9231
3694
64746
64419
130162
23127
1952
4943
65992
125476
652
6284
29934
9493
55289
10428
51809
6507
78987
79932
7544
1128
79853
84864
440093
129531
55322
10420
219844
116362
26577
6778
51224
64225
80704
6536
84641
114836
54884
63929
6001
10564
2286
10766
7584
23556
2046
8495
344787
51727
146
119559
23658
79673
64745
10361
26230
11138
2245
55214
8677
2098
1854
158747
321
83861
56995
51334
57645
22999
283643
125988
22898
54681
10755
55667
2739
7881
7994
6683
54539
57507
28955
63827
25820
51196
4938
84684
390
9973
201134
22795
10166
11177
221044
2590
201158
55205
54413
57476
285598
29842
2946
10443
150094
1456
9830
79696
127544
9833
7786
22911
79726
55251
207063
64333
79442
25926
85395
8086
271
92335
3491
149420
10299
6821
147807
348235
6624
11017
92667
79872
53918
100527964
4168
284114
85415
9966
8771
29070
9880
89970
26750
27042
1537
6834
27069
51651
3382
80331
5125
25941
22936
8996
23040
10622
91687
4147
84720
7547
1266
2048
55188
142940
9235
90203
11064
116442
121260
175
9526
9120
114876
11316
84219
670
27090
79858
9736
1477
5900
57572
64072
29951
51068
9824
129450
116151
27285
51131
24145
6339
23395
9600
754
10137
81545
51244
112812
79074
3099
23172
3208
10208
7763
124454
132158
51634
83874
5817
29097
200576
57658
63826
7718
10865
23506
55915
4249
27179
8883
4925
134353
3632
3094
90843
27293
57038
51575
79089
2827
80345
6715
163087
6171
118487
81606
51088
23317
79719
222068
55349
55084
64423
221496
197320
129880
2937
22797
154791
51699
54956
8659
79640
8411
23011
166336
4693
23462
84752
5372
9572
6442
4967
59338
25979
124808
64599
10335
22822
4162
84189
57161
129804
168451
55213
56892
100532736
23102
220108
2036
2717
283385
114327
6992
84954
1889
199746
148103
340719
9905
339501
54799
9091
5277
7348
4580
94121
143279
7556
25829
84869
9851
4049
55907
4696
64838
57099
10367
2581
57456
7991
7259
4707
50808
26037
4514
55120
140459
5754
348995
387856
9569
79776
55621
147991
93145
79648
7727
83986
51493
10144
79892
4012
8209
375341
3338
23036
151195
26235
257364
65061
8882
55757
2121
135112
64114
309
27086
53831
7380
64174
170384
50650
5358
203547
254065
9088
84251
83786
51530
51764
165055
84735
7485
29090
81554
4338
51696
84524
8969
51200
9896
134510
92815
10810
540
11037
26578
7746
6192
23240
100
5027
146712
1006
10961
6093
4094
51523
285203
9619
262
114908
83660
8434
57700
3357
253559
114791
83641
84934
63934
115098
4741
8844
5083
7432
79573
3614
29970
4519
121642
11147
653784
84911
10370
9026
8559
10885
3898
129049
51321
1519
5305
84896
79635
6100
7564
90007
80063
57555
9296
55224
1013
115560
55435
9125
1427
55175
494470
58157
84899
83547
8643
6608
9748
112
83594
51075
100137047
51157
27304
2277
64147
8492
56853
22843
440
26521
92840
9836
402
27300
63917
116447
80173
54478
25949
58492
23151
54496
25852
4649
9445
10840
23354
3241
221656
83638
347862
249
10555
57186
5947
201965
79183
79041
53343
63979
11044
55157
23230
9550
84311
3460
29057
3416
410
2588
767
143
23299
83539
54764
26010
776
29941
54332
114769
2668
9895
9712
84629
93323
359948
64834
54851
5168
51042
5283
8348
1723
29925
65979
27113
10780
50615
6397
55773
121053
56479
3340
10565
8970
55326
79798
51477
66005
55295
221545
3418
340277
493753
10019
8369
79825
3658
57568
79633
115
1611
84951
1316
25864
64866
5017
64407
55852
126433
343099
6341
27178
10469
10440
9949
64236
55846
81888
414919
124402
10913
7145
57217
54920
91010
27109
80129
55256
91523
5414
901
112476
9377
1112
283212
5526
84193
8612
168850
493911
126133
22859
29915
28971
84525
150209
161003
7922
5008
64895
84267
25921
54058
342667
58513
57556
219333
2892
30818
341640
91875
477
114898
79912
1606
139285
10196
81671
9917
79794
10659
51251
7029
3454
23305
1522
79672
125228
11334
118987
151393
689
283377
79230
5019
3013
11238
2774
55176
133619
2530
3760
26005
8872
84811
57496
5447
2794
7625
8019
5253
79078
55128
115201
4883
4880
163882
85463
54436
3363
440026
23149
166378
50863
54876
1490
2150
55329
55266
3017
55005
8879
225
79675
1263
8541
54566
54149
127255
10066
1604
5654
91147
54466
196385
54928
23052
9043
2826
6505
92565
51582
22904
219988
3034
11076
3633
50632
80777
8556
440087
1850
6729
2729
97
57097
6300
64207
54832
25771
7627
389114
5428
11232
85313
3709
84299
64432
26355
124751
60370
84912
4597
842
10302
83985
166785
84107
8632
84138
54948
78992
55614
57148
7436
57524
54997
55297
6863
23072
83714
84300
84333
399947
4247
55330
9640
23154
3174
1131
64097
259282
84337
10550
79778
112970
127428
3213
54469
2157
3552
8831
2187
283455
64743
79671
9399
8871
29066
10806
57125
79600
8399
4651
26586
2004
79092
90987
55656
399
55753
81577
51560
55031
1138
64897
10678
56521
10633
51271
221692
790955
54790
54328
79694
26034
347240
23261
23551
202018
316
202
54495
7461
57480
55095
51611
84441
221079
2702
23060
10948
146050
29058
83752
2563
84542
23082
147463
55374
23017
79156
123228
85461
51125
23623
1353
404734
26205
23300
25813
197258
91942
84968
199870
79943
221711
57560
11018
7166
57688
3918
6752
5042
147184
122961
23598
5224
11153
26470
25957
58515
29100
22883
55959
8479
11070
7621
285489
29994
80142
7554
23456
288
79642
9568
51218
51134
9929
54665
6916
9205
84947
79692
55280
7862
284086
5164
152137
124583
27242
2653
51347
84056
7568
7172
29880
10280
2895
30850
63923
84124
2271
79613
152503
151188
4916
27032
81605
387032
116159
81691
23576
51734
84188
5330
139322
94097
79098
2845
148789
201931
23378
55051
286336
6388
57162
204851
80127
65982
57511
100287171
283989
9766
10457
5279
219348
55591
146227
4694
220213
29083
8330
83596
23471
22906
55008
56987
25841
284069
56938
9262
84923
80169
162972
51106
29071
285315
123283
579
59353
57337
493856
23616
55744
26297
79651
55071
23275
84898
51668
124401
11230
115362
374354
27000
9277
57001
9922
139065
91442
9771
152273
55622
4982
55778
130557
284716
23555
221078
388272
54439
2822
157313
56265
134637
80199
79363
54541
57410
11092
51286
127602
51506
84986
25897
23731
9064
1047
254394
2971
54497
22978
27440
65981
84318
7748
5570
2041
55486
6610
8654
256281
28991
9630
23173
51337
2596
25851
793
4552
127495
6866
445571
85413
84626
2879
55813
84870
252839
3695
10205
55101
375775
57586
8329
283373
54961
5077
79661
84926
400745
80329
57574
3422
25821
6678
9874
57095
29789
83595
729830
1945
8646
10090
113178
100861412
51119
9829
7733
9123
27344
203522
54974
956
140707
64801
4285
57336
26057
7078
51714
196264
7799
113802
28951
23254
51077
118426
887
55937
145482
441478
85445
128637
64800
7767
83636
201626
140576
26507
4314
1465
29062
5798
51690
57105
114294
148113
10591
6663
130872
54467
23207
79877
152007
80895
51248
160897
8745
534
4357
51646
58499
8638
83475
53832
22852
11178
10235
653583
9617
84632
9311
51129
51110
10652
222
83549
55764
11322
1809
9122
9639
8483
10799
139886
6782
79068
9826
57515
153364
64131
55316
392465
8190
10201
963
84874
90204
196483
216
10717
157922
57677
23070
57547
57605
90826
112487
23646
89882
84795
27087
221908
8013
11197
706
3109
285180
54978
8675
8995
221154
84885
5007
57479
3077
1429
7504
8092
57482
4650
81502
158399
26579
9381
388
785
10587
55504
84904
2760
113612
166793
3420
64327
403341
3151
25963
4758
343472
283149
6650
57664
636
282809
165
50515
1719
55973
54858
11122
5067
1687
388962
27295
6261
54839
6487
199920
9855
114800
10520
345757
5348
7054
658
814
145864
9238
55346
85359
4038
55347
51012
2621
79070
4661
8544
79658
22882
56122
26960
25789
79856
167465
9663
346171
63931
1745
143872
9885
51409
8506
158586
6518
57157
8800
8729
54952
222235
6307
199777
64901
28972
55777
85444
85379
113444
85377
98
22903
55144
5066
15
57453
25911
23358
256471
55680
6351
146330
7574
3046
653857
79634
79845
126298
6553
727800
2876
5613
10215
160760
84905
92370
91807
84803
4099
84958
23129
54901
79177
157773
339231
10244
126669
57414
431705
79064
6909
374879
58475
92689
130535
60682
51304
29886
154007
122704
2070
2592
10553
4640
25796
1233
79147
8322
23593
7743
7553
9423
374946
79175
1491
6843
23303
55572
79827
22993
9605
140730
6903
114825
7021
55608
84065
57222
214
100506736
5074
7035
2152
4969
57091
4121
6940
131118
8846
284992
151742
84058
127700
128674
155382
125113
133957
53349
54834
79644
90809
54510
239
84614
167826
51528
8224
84243
94031
137964
7087
7545
10725
10272
9655
9791
51373
57648
10715
8435
79690
89795
163050
9831
9892
8572
54982
622
206358
24139
2572
375759
1609
79135
7760
1428
9535
4976
54986
375743
169841
51816
392
340542
83857
1268
2686
64288
54875
135114
5078
1005
58488
51315
79031
80856
56895
54097
388650
497661
112479
51111
9180
23241
11142
283208
64427
79056
57468
28974
57458
89848
64061
10203
91408
1374
219972
340371
154043
9913
258010
84274
23516
2990
346689
54861
9583
8635
8803
79660
79631
4600
3779
3421
57404
57176
57654
11022
140469
57446
22944
57713
57003
54555
11107
2902
80271
90019
112752
2941
1657
400818
284352
954
148534
339122
201255
55325
4752
79870
388115
50
51204
286256
10157
57536
4820
1795
116224
2178
51092
9792
64080
4745
11194
220164
10139
92170
54853
9762
81563
55332
126208
25927
219402
8637
26099
80725
79083
56889
81566
5924
166929
8859
8705
10126
1351
124044
8722
27315
80146
116983
56951
141
124359
2622
92482
401505
55096
80183
7542
4125
55248
25946
440138
100101467
56890
729515
114897
10867
79763
6051
26520
140680
11015
55552
9398
23138
91584
5063
3354
25861
89801
2258
197407
6905
55784
9860
56650
80332
64581
283871
90799
63951
166379
26022
10076
3035
128240
9749
1318
220869
55628
63901
8395
84302
51062
23463
144100
1404
54822
93377
11216
7162
8694
10245
64766
794
9764
254251
4124
399665
5742
85300
10026
9692
80000
129080
10129
25878
123036
121512
29
1946
100037417
84858
115004
9721
9812
57696
2619
55179
84553
9988
129138
22995
85453
51715
25874
90736
132884
55848
26469
2016
6319
155038
92935
55776
54807
3352
339318
10800
10741
84465
116843
129446
84696
55830
5744
4337
727866
51710
109
342926
79934
6041
147808
1140
7596
6913
64221
1645
4882
144404
727851
92017
54852
23232
9130
2650
56923
1953
8776
286205
22846
374969
9540
6668
91801
116988
25966
84681
10791
10017
285193
80206
7730
9
150709
3145
1136
3631
5269
11237
58485
196051
123263
151473
5203
25996
55323
6405
85406
286257
51228
55244
79676
113179
51022
91074
3775
79415
3224
80114
51124
79053
51659
54947
9069
26157
341359
57502
57711
57102
10691
9204
64925
219736
6902
55002
54784
6358
7633
7567
84144
50862
51364
4953
80298
113763
91151
56163
80315
199953
90321
27035
10811
114785
57478
10371
83479
55906
730
9728
221091
23360
80243
84102
140461
401548
728
10269
115286
9900
160777
29980
135154
57231
51768
8334
79969
9452
79669
11099
138151
146395
84680
375444
149013
4603
121391
27085
10384
387914
387923
115677
54676
27314
53373
5205
5130
158135
56649
7008
116986
54516
54103
375387
79800
143098
57707
338645
221302
747
7978
54802
79674
81558
11189
347735
84878
8914
83930
64755
590
170482
1593
84924
57282
9537
9837
84296
339512
57571
23550
203286
79982
11167
56676
100526740
55180
10965
79665
27141
80210
100130207
116328
25943
128434
10103
6832
4440
29887
54963
51114
401190
147007
389799
130589
374986
154091
7699
92737
64789
55160
27286
27152
80139
374395
91749
55020
201562
55856
285313
253959
83988
90871
255022
8688
2745
83888
29923
91894
57577
4199
80110
56063
60468
326625
84541
157680
7433
118813
4983
29080
80309
92154
2560
11145
26108
55351
57620
387496
131076
203197
79828
10518
100272147
285282
55106
84250
4620
132321
89846
9765
9819
83451
147015
29085
1004
200014
6571
344148
84514
91133
151
54993
55786
54830
7264
84630
22877
51540
163081
79805
54936
4821
169792
56944
51246
653489
6373
283337
7368
1285
84817
1271
113220
8398
27077
64921
89845
79987
55319
6387
91433
140467
57171
145483
1349
56255
83989
90952
23228
29995
23761
9121
54808
53942
80017
10899
4520
126231
114885
10955
6549
92822
85443
283927
138428
165215
100131827
27153
65062
113675
81025
60685
79684
23200
1798
112611
124925
56947
83849
23274
57460
53904
63926
169200
80724
84152
64067
91289
84417
80851
23351
11343
3400
84272
79591
83937
392490
375686
4345
192286
414918
54985
113246
200030
1132
7716
644019
23483
51330
10350
63905
7752
114905
8460
6120
5858
84895
2531
221061
79966
84873
134549
3955
122773
140688
284323
57614
55529
55184
284697
2254
3488
3628
8427
23341
6248
9806
9679
6529
220042
157378
4828
10327
22869
139599
93109
83648
102724488
51555
84236
10462
9488
50487
1812
2582
1109
57026
1489
90956
79744
388403
254122
56907
399909
79647
152573
6035
91419
2526
30820
654364
57224
4241
7639
1185
55334
90637
219899
22801
64215
40
55534
388753
100132406
219854
80264
83699
3762
7592
55312
115024
6697
65055
253152
255027
93587
114987
9881
57514
80255
285671
4948
84316
83758
79949
9050
55088
2595
4939
57683
2877
8802
81562
11014
84451
6448
8120
54943
27165
55055
6376
154467
734
1008
134728
881
57666
4016
89782
151313
133686
144608
51804
55196
353274
79612
286753
147912
2519
548596
157
391002
2635
149840
10675
6414
11253
220074
266727
81688
84446
375449
50944
54890
83941
79831
85474
23660
22873
55966
284391
54856
100506144
85360
57017
55112
114826
126917
6586
55273
54942
3754
134111
58189
55108
199221
102724307
57608
26048
56271
10732
9654
161291
55105
55745
1002
8228
376940
27154
55727
83707
121268
3938
23527
219285
4968
9552
54905
146713
7769
2556
23432
260293
8404
282969
57583
29942
1009
4668
395
9364
84002
117154
54991
22847
51084
79071
84266
57569
4708
8482
23554
388701
83852
386617
340273
84230
55262
152098
56128
2030
135398
255252
10391
1486
65251
64077
84064
90025
55255
152485
79884
8642
10154
146923
10349
404203
84909
253635
130026
7148
22949
10804
770
79838
93210
2538
2644
374928
57471
51174
80745
60560
58495
641371
79582
64582
92283
1350
3899
253639
441531
4248
375035
140699
2135
91775
64430
90527
148479
7100
54545
57045
79691
957
158158
153562
90673
51314
2110
123016
150383
3588
123811
3061
51059
25976
348262
23507
114784
3176
162394
57523
80194
84933
1364
286319
5126
154790
285636
55974
80111
90326
84326
9957
9856
65985
221477
5740
387640
286046
220
165530
51118
54989
149076
120114
147657
130951
222236
1644
55500
57512
348654
57722
57188
101060200
57721
7477
5373
51117
8714
23252
29118
200765
11163
727936
10825
90317
57497
8320
27180
164091
57728
8809
85442
55862
23150
340578
100996709
338699
23398
56849
726
10873
51201
152100
10842
84437
8698
714
143686
80168
2583
29906
51102
84890
340706
549
63977
259230
254295
222696
9703
84286
80167
23366
55036
27249
8818
2134
195814
338376
79841
64344
389206
80832
474344
29799
8821
125919
55665
4504
51805
84457
114804
79918
181
115584
261729
2395
55270
100529239
7318
1241
79366
80162
128338
57732
25981
54619
375033
161247
9731
2878
10194
391356
90693
1826
127343
55217
246269
348980
22798
4682
885
64773
160335
9388
88745
339324
135932
399726
146556
342184
23057
9912
81575
29990
148137
7694
55902
84448
3664
117608
29801
23659
7637
150372
57048
338440
150468
196740
9159
9249
84190
8989
128553
131408
26207
7478
7976
55194
58986
29965
56603
81493
57452
10316
55568
79192
654
390637
169693
5734
8605
54537
1389
54454
18
5046
51372
140733
80070
1139
113791
55751
10242
55357
65243
56898
7940
91012
55206
203069
4351
80209
80324
26112
84068
10660
116835
253650
57595
9143
7634
400566
57719
79413
89910
337963
23767
9468
126
23566
4234
55239
9710
80778
124637
2819
3141
349565
6725
51360
256643
84765
51167
285498
54981
51093
5992
80763
105374836
54674
4340
9473
54558
619279
80208
25912
127253
132949
158293
55192
84288
35
150921
79368
443
84034
53834
389203
83943
126259
2524
140564
163702
79758
5797
8840
613037
149563
115827
64776
9843
23007
124975
