4116
3187
4864
340061
1063
6840
257019
539
2908
6421
3459
6472
80279
3728
23327
83987
7128
3665
59345
6059
5684
10946
8604
23380
8841
10009
8452
81631
3857
5460
79833
79008
134957
415117
11335
5591
90025
51072
8723
58533
80144
286128
10765
8535
7756
1434
7157
4851
51434
56262
1880
54165
51649
6950
10971
9782
27185
10127
79666
4914
51608
5931
5252
1207
84967
3832
6228
10273
9531
5894
3265
23633
4171
85440
7415
7448
3685
1869
8202
9601
3106
58517
8353
11133
55140
10523
322
6201
6780
10527
81608
3981
63898
5500
3577
983
8539
3064
26468
84304
332
5501
6748
5108
10112
11331
996
7531
5208
23028
8676
121441
203068
54815
8350
5905
10482
3964
961
6386
54458
55133
6119
1387
26039
351
148523
8669
8667
51619
55611
114548
1027
10628
1213
1454
1080
813
11269
196383
284004
11140
8409
4214
6137
10014
1665
27316
50618
10013
84955
29775
80179
10298
7529
64422
79155
8517
161436
3178
22827
5682
11047
3550
151613
5518
29966
6872
2353
57120
5970
4034
10910
55003
9045
1026
10399
54534
6182
4092
93
9099
3949
5869
2664
10075
1642
3796
23363
10097
1212
54972
3309
10681
3316
6418
84248
25807
10618
1385
6721
2521
3190
51018
2033
8359
6813
55215
8454
10342
4793
81930
3320
1408
3276
7068
1021
1031
4174
10492
51043
6667
81565
137209
7249
1612
60
23406
5980
9759
6500
23512
5360
200895
10483
6850
1478
6102
54014
8899
6628
6901
374378
7283
10694
6155
6134
8189
56916
5925
4904
48
4597
1488
3146
22879
64601
9774
51535
54464
22948
55355
8360
10594
5930
8738
55367
3014
7321
7186
28996
4204
23318
672
1025
8440
8312
79132
3692
23178
164
55075
91151
84081
4641
11325
51133
90507
6050
1164
890
1655
207
4709
55967
4701
8837
23451
1017
2317
9274
11171
7514
22861
838
10128
140458
5110
6199
80237
10528
8342
57062
3329
2335
10949
127829
7388
23400
4886
27336
51428
5595
8751
7329
3725
9202
6613
55183
133619
51143
55148
8354
677
94056
3171
7088
4436
28990
51026
8036
22808
661
10623
10980
8148
3895
93380
7410
8651
2775
29079
282974
57409
5468
9657
10477
80304
53944
8493
8161
51700
9820
2108
5499
1994
4774
55294
9477
23170
51547
9678
84105
27067
8575
7316
1173
6626
55165
10015
3065
57621
7965
54069
988
10078
7372
11338
51616
6884
6001
382
664
22907
3608
2806
6788
3336
3091
4609
55771
29889
26986
4738
8498
682
7525
54891
10856
4790
1999
6640
57692
7094
3184
29127
23166
23062
94081
55623
54517
55717
23710
2091
54865
65991
4763
3882
991
4293
24148
5071
331
9131
6875
2957
129831
4298
79577
11345
8453
5430
26270
7311
11043
147687
1856
1859
83737
8650
79009
6895
4093
4089
904
5371
112939
60492
3032
10263
1937
5599
24137
9055
23193
7014
6606
6818
10951
84787
1436
6714
23435
6147
10161
9735
1717
26046
83933
9612
1627
10048
4233
51602
23552
6794
9694
337867
5700
9097
10714
1108
1729
7411
163786
9338
22897
146057
9869
80097
10036
7532
572
6281
645455
90060
54433
54509
94239
5433
9646
9818
129401
9351
5331
2146
5469
4832
158
55154
79888
5738
967
6711
324
55027
373156
10890
10114
7341
51340
55837
51741
9474
23466
8356
6428
3437
30
441150
3799
27352
5879
2909
10250
1650
8668
55749
84759
701
10393
83759
5936
9043
1974
6599
56829
5597
23421
81622
25844
9217
56950
5128
10049
2130
54908
161582
55507
11311
10055
57562
2804
81
9564
57534
54800
203259
6175
5494
9275
6760
51222
25925
93643
3615
23469
6829
79882
3837
64130
8573
5954
399687
55193
5685
79814
64795
5725
5411
3875
85403
79101
54148
84311
51283
598
4776
23175
369
3326
6045
6646
10098
9589
64210
102
51773
100288695
10061
25920
51606
85451
6789
2969
64151
60493
92906
2885
1639
3313
27125
4297
84557
6187
408
8726
55131
25885
5202
22983
10556
7515
51776
841
10210
7419
54751
8355
5320
90410
26146
6117
2189
26043
5708
7528
7979
8243
113130
2746
27248
7327
997
22809
8363
8968
57504
5828
10733
1107
57510
23612
5714
7430
5962
64794
219541
10772
28988
55785
22889
23390
160851
55605
1977
10989
4301
55366
4691
23076
4791
4792
4288
57147
79701
10082
468
10970
116449
5510
1789
5833
11120
1399
665
6296
10919
801
1159
5290
2776
51527
5824
1915
26747
2820
23386
57565
10474
54093
23549
9882
112950
7314
1778
51652
27183
2023
22992
27043
330
56616
8891
5025
10043
4869
55153
51067
26995
5424
4591
23409
4817
10411
5903
56243
3281
79017
7257
7175
546
7112
55761
27163
23189
6118
253943
9984
4216
7391
10621
7917
51193
10382
29110
81539
11261
57082
79003
2002
9314
57584
5711
5395
5933
57599
159090
23382
29068
6775
117157
80311
55755
9530
25
57122
23632
2177
23020
9636
5859
7030
5707
10847
23475
54472
3556
55168
57693
58480
286827
22938
83903
90293
6015
4173
5001
7301
107986084
9128
51729
84816
158405
4191
2272
9902
9821
10916
3315
7381
54840
8815
8766
54536
23524
6449
10952
79869
79571
65125
998
8975
1743
10540
6202
27161
10238
79657
11321
9611
6709
1912
1398
4221
6385
5209
9113
6634
124936
84197
4172
5000
55170
10809
23397
8367
10131
90362
892
10458
2077
200186
7844
1796
84268
580
7675
3312
645121
8607
113878
1739
2977
10241
7916
26354
11119
11118
648
3172
5688
23468
8664
84445
2065
55069
22832
9031
10155
56257
9092
1114
7083
27237
93487
5511
2634
57332
3159
90957
2597
5520
8878
7534
4599
7284
56674
136647
51637
83461
10106
26036
80772
23242
9975
126526
80145
5594
4751
4209
5929
7170
1147
8761
908
55844
6633
1656
653121
10460
84282
8065
1503
3996
387
8939
10419
4940
3720
7203
51343
9656
84464
5873
154
51562
4176
54540
143458
5116
51780
1663
124739
51422
84292
26121
22933
2308
6233
50512
2079
8175
5564
55178
5152
4798
51603
355
114609
23345
4627
11346
7023
4193
8540
55054
10376
643382
65065
1272
8216
9688
6868
317
3188
26156
7454
472
54953
10134
6657
128239
328
26511
1039
54896
830
25906
9968
9730
25843
85369
8850
117143
8352
57636
4281
5713
142
6637
55610
27333
7706
5522
6949
6741
267
3308
6128
5049
9342
3480
10111
23543
6311
5136
5515
11221
6193
112858
11130
58472
6144
5521
2800
9044
6164
5702
9219
84612
2801
2778
554
5036
5339
9987
11059
6498
3030
6235
494115
2887
57520
4067
79585
6217
9793
26015
10632
5681
162989
5887
26053
10432
23641
79618
65265
11328
554313
4005
114818
118980
359948
81669
10172
79035
58493
10987
11009
11200
5317
51377
23513
10397
25782
64848
8562
92106
54535
23636
2888
1613
6938
124790
7376
6257
23239
4706
107987373
2314
128866
226
550
11236
23043
5830
8528
6671
4899
55722
6427
55888
7297
65057
126364
284695
9410
8361
6195
11066
29945
8697
29920
55173
101928160
9875
6655
310
27101
10498
54187
5593
10956
7184
3614
51053
10808
481
22976
5287
6224
5584
8470
51406
7266
9777
22908
4702
818
8450
6157
5978
6601
4292
1192
8737
6446
10525
54407
5782
10051
57727
64431
10480
64983
50848
11143
54872
10325
64121
23031
10575
8289
10915
9931
84859
93474
53981
89941
27068
55640
9221
4773
91442
199990
1499
55968
11124
10277
84993
6208
8683
10236
9371
10204
7913
3185
1855
5467
6772
8662
7343
10010
3838
8614
55658
56254
9532
529
55719
10133
3219
51499
25939
84726
8665
4670
2064
708
8366
26152
23412
6605
2222
11007
23270
7187
5983
2274
3399
7286
9910
2769
56893
6692
8467
81620
9958
10592
57695
51665
6742
57587
667
81027
1058
9801
26517
4734
3096
372
55660
10346
10467
2886
8428
7248
5747
1051
60412
2961
10724
445
57171
6198
4686
50807
143187
9482
993
7188
5987
56945
1407
7533
22919
5498
5066
10678
23411
25793
56852
5691
9218
9527
7178
7323
81847
7307
9618
57129
55052
3082
960
93611
4134
22927
63875
26994
6429
148022
51647
55681
8621
84790
5435
23064
79654
55664
50855
5607
3006
81889
55526
22981
8139
84309
9470
1978
5878
9847
25791
65080
5928
55957
8565
6715
162427
5566
23387
9919
5245
84959
7414
5692
7037
10598
79072
3181
4255
27330
11161
7429
5495
8335
26168
817
168002
3622
25862
55149
4771
1736
92345
54434
9411
22954
9413
49854
23013
5771
153733
541468
55709
3066
5573
84978
868
26003
3192
3554
23365
8777
59339
6647
7322
10963
1270
8294
3957
8543
54821
79786
63891
28964
9001
60528
9141
55109
51150
6787
1154
4087
11060
811
6919
9698
55971
5565
2058
9140
26056
5885
6222
1050
11215
8774
9129
79443
3717
6774
23557
9737
6908
11051
23177
1487
10524
64979
57596
9146
55364
6122
9775
6129
55011
3845
145482
9212
196
9049
220134
5586
11176
85464
112574
9877
6696
25839
821
64343
142678
8786
22870
9181
113115
23588
9692
339229
54625
80174
5728
27252
51592
5862
2319
5516
79803
23383
65003
79784
64771
3205
11168
144699
79902
23173
284217
3673
23283
5716
5718
9967
23499
27436
8508
4141
23272
7009
29956
8301
27327
55626
23192
5217
10625
5585
3992
5745
25953
23355
57103
10929
10668
55754
11339
8945
5337
9406
23559
10580
96764
23640
3297
466
8544
3216
1198
6595
3609
54934
3607
1543
7189
6205
55646
57092
23476
3575
2060
51035
641
64682
2186
1432
1938
90427
4837
3005
28999
8290
6879
10549
54935
5829
9584
1654
84823
30849
6197
10454
26164
23405
79913
7416
55094
552900
5093
55339
51009
84447
79948
6139
5129
4175
10567
6464
3643
2875
134430
3068
10276
55603
51684
27148
79139
4800
1386
56259
4296
5783
26993
256691
4047
25814
25898
283985
23521
6132
138716
5347
150684
6310
10551
29117
84126
7360
64087
57521
8663
25792
1466
6502
221092
8826
27131
23184
5335
84893
57002
8368
6598
6434
23112
25788
51585
10179
22916
55246
5984
599
6925
196463
201895
51100
56904
93594
5590
5704
5610
1948
25894
2617
3593
10018
65988
4854
79446
1822
7011
5877
64960
2730
7390
5286
54039
26128
5478
54778
115548
11198
23764
81926
51160
84164
1936
5193
5192
5888
54904
1329
2287
80135
79159
2564
9236
2118
9867
58525
113523636
81550
84191
79977
8106
64754
84284
2011
65018
80020
11154
6648
54819
79759
705
285315
7324
2869
9961
51003
5436
10673
253260
23054
5357
85409
79968
10574
64855
57473
8661
51320
2185
11035
9070
127294
10521
9643
7541
1129
51691
29926
8314
4711
23385
3337
90850
2307
93436
55081
25886
523
2040
4144
211
441518
654346
4843
1523
55110
10363
51474
27107
84365
153527
6249
160
23234
10617
29082
375
257194
6801
29015
121504
27300
27351
6867
117177
220108
10576
23517
1196
23326
27044
57187
6809
7159
100529063
3929
2495
4000
91107
5163
2078
9188
2720
55916
79768
25777
4140
9512
6229
8365
79876
8570
23404
7133
6576
9463
26278
23198
4282
9817
10142
9733
6135
7325
834
8835
7067
5451
3910
3958
10328
9457
100534012
124997
55892
7874
9946
51594
7132
4646
29781
23314
8110
6124
57619
55275
4780
5604
22807
91694
57646
151194
57085
79922
51447
3920
25945
444
10935
8649
55342
23001
3133
118
1460
1777
8924
55831
29978
57459
6566
80854
5198
406
9575
26259
4628
158584
6209
3303
3301
58500
7169
7019
55026
338692
379
8677
9588
2580
5393
81704
196441
25942
121536
5871
2547
8567
6830
10413
10287
10024
54971
55048
103
6764
1982
55898
8471
1508
10038
6827
8370
55596
445582
23135
51010
5105
200558
64748
10988
9111
51444
4736
55602
10116
89853
54739
4671
5216
6732
140890
326
9841
2625
2517
2665
60509
54438
8439
5719
5687
5886
2305
2309
3621
238
114793
3028
57539
79677
11001
53371
55425
25836
8930
114971
125115
6999
5966
51588
196074
10542
23143
10845
1388
7057
1280
23144
51191
10552
10129
51127
10985
4739
9709
526
55905
84851
2071
1428
5062
201595
25873
7267
55810
57533
7538
10253
6627
9879
10153
6258
23035
203
57215
3169
5204
22980
2354
10755
6189
79096
10383
7846
11129
57396
83894
26240
63027
9750
6804
10994
3611
1468
3654
51070
89874
10422
51187
57698
2104
9318
4513
3581
5140
9785
90480
637
10318
54892
27072
55014
5801
8404
55177
2799
302
51719
1072
167691
149628
80781
8337
54477
23229
9401
6929
79960
51147
5230
282809
84140
2260
6461
999
347733
51375
282991
196403
23162
6602
51162
27229
6161
9810
3148
6607
51061
8536
57118
221895
7090
2034
7984
79663
39
4215
311
55040
55240
1453
79839
112869
3008
28958
58506
1431
55578
79065
5437
9627
6632
7049
9445
55870
10933
55226
1152
8763
8675
10791
170959
23438
23266
50944
90933
7554
8091
57189
2355
3476
261726
9702
140465
10130
29104
55703
2931
65005
7084
116254
79465
9743
53358
4750
5581
60312
490
10140
10640
163126
4733
8887
729852
3839
6314
58477
373509
57673
9521
506
286053
5705
56886
128308
4728
4724
8362
10813
22820
492311
8805
7328
51184
51082
54206
8893
10254
84456
79959
55290
23039
7535
26191
6597
3726
488
92736
728635
5549
840
220988
7332
79751
8087
1659
9416
22899
51366
84643
8775
222484
57449
373
6615
2294
9147
92521
7709
1788
7260
7039
54443
989
55324
51421
9513
50813
1964
2671
54858
23352
498
192111
246330
8208
2237
8445
3636
11315
2821
55625
9425
3672
5686
23647
7167
9700
4794
10569
25828
5611
80198
23255
10170
80727
9997
90459
7884
55668
9798
51726
55139
10539
85015
6294
9349
55871
51105
7153
3275
6256
54939
54951
51013
23511
4302
1314
112724
3419
5052
170506
161742
23295
10615
284058
333929
4889
51255
51378
4236
4926
27349
642
51545
84060
26298
2487
54532
65990
5536
2768
5201
51744
84270
7041
132320
64770
2107
283349
23584
57650
79866
5876
84858
5934
25977
51194
1643
7507
203286
58497
4830
6185
10109
11113
11073
124540
54976
27238
64837
8681
85363
51574
9918
55197
10973
90273
50937
51264
88
54984
8936
84062
10787
396
6152
3735
23603
112268148
56648
57474
221937
9451
65056
10445
143884
64333
7334
10146
55379
79718
5562
50804
64841
56897
29761
1911
5580
2771
105369632
7265
55662
5546
38
55120
10868
7247
5710
3093
6048
56931
84866
10928
29844
64969
3782
23186
871
5690
5683
64145
581
115426
80321
25959
55421
126961
6477
55295
10653
2042
805
29115
8648
1525
5292
27115
200081
6432
90864
8099
8576
1312
28981
80817
155465
6204
51324
91647
7251
90678
51552
79656
3954
790
23492
3398
2067
83878
57466
55705
10969
26122
9169
375056
55311
86
8295
135228
3965
124801
5178
9372
23410
65008
219927
3009
94005
84261
10213
8504
55670
81844
26057
259266
80764
5884
51692
23288
6125
254427
51548
25956
7543
55166
7317
1182
55274
25825
2784
9628
7818
4673
6293
140707
54998
7164
4893
10490
2770
50809
4528
64963
11284
83858
5689
8894
84186
10094
5432
57117
84134
2935
51678
4905
5795
8764
3742
3699
283431
2289
51435
1785
4659
8674
10228
9149
8892
9117
18
5906
8794
23558
6653
284654
9911
10138
63035
23085
3551
93627
2197
54765
5090
5935
8402
6271
6286
205428
2959
27095
122553
55742
115908
57798
23335
23312
81858
84516
54785
81611
55740
9948
57488
5603
7205
9883
91252
94120
53826
55142
5976
7920
25895
51561
9908
55300
10534
64853
81790
9391
55966
4695
2872
10658
8861
79871
92421
71
5195
5915
54888
63932
26269
8031
115752
26058
91445
5156
23649
9706
89953
1832
65059
8971
55699
8688
9972
2962
7268
11179
5439
80306
9610
10614
57639
57506
3310
80700
79058
57465
1874
1727
2923
10466
91949
23770
9861
23204
10058
3191
5528
5531
5064
57228
10336
6425
1786
8500
23271
55062
55636
3183
2926
6786
2737
7270
6426
3661
5361
2017
160418
133121
134285
11194
651
1828
10898
55768
2898
79598
55114
3856
23164
79980
118881
3251
7263
23367
147872
54996
728642
90993
221
23780
574406
114815
6272
10487
191
5226
153642
55715
10207
9076
22890
2956
3364
84733
22881
284001
6018
6016
57169
5336
7417
29078
51079
54931
81628
8481
79664
2010
5519
9112
29979
140738
26127
9648
53615
23034
115353
85439
80346
538
6383
55299
3880
56478
411
55061
57192
5727
55216
9101
64854
10671
2948
4779
91057
11159
9734
8021
55506
5861
8553
1289
114898
6047
10902
8165
9469
23136
79924
6240
327
27087
3108
22974
10735
84131
29763
11196
23244
6730
84132
11264
4245
54936
3939
1278
27246
84572
740
64420
5796
23005
6881
8125
9373
3840
222255
9040
6210
11224
6737
22837
5530
1827
8742
60491
79780
59277
10248
427
65264
5315
4008
1738
6777
10381
80143
124751
23787
64761
84861
144108
7936
2736
125950
79886
202559
284403
22913
4300
84661
80342
55521
10084
3716
83752
4205
23281
55958
815
2539
94134
55066
79607
7114
7409
5295
84231
3993
6749
3020
3156
3921
79724
157310
54955
57634
81603
55698
8502
84656
5578
29843
10189
2066
4693
79791
221927
7841
9555
23673
5092
7798
4643
23586
90627
63943
54606
79797
1676
387680
221613
515
64802
157769
9581
57038
4735
10844
51027
4595
79091
126626
54927
23582
3092
6453
5481
5576
3892
56006
65975
135293
80013
22828
134492
9150
10001
26586
54480
910
100506658
55850
26580
6723
79016
8666
51503
55293
64418
64783
55327
221749
1973
84262
9667
339448
4952
150368
10616
1455
23344
90826
7158
8881
9354
26973
824
6689
9361
3659
10957
60488
28977
221037
200845
471
54623
3161
7046
10293
22888
55693
84908
50628
275
1045
7485
83605
201134
55116
3597
5218
6722
8678
84305
9441
8178
8315
126402
125488
1059
9464
65095
24144
83855
4678
6230
26751
79720
1345
5094
23074
6497
23111
257397
51663
7572
9747
54820
7903
5538
5162
79728
6194
5965
8241
7551
132660
7272
10579
56256
2323
7520
3021
26353
253980
64951
286262
900
1457
57159
55093
79020
4287
84247
8527
9786
6468
24140
5111
10712
2109
51257
6927
808
3712
10645
5832
27159
84343
1355
29957
9337
51631
8767
400
9328
23119
3090
9256
5701
4217
26575
125058
55809
91748
11034
26001
57325
55689
57602
65992
57662
8813
27034
657
5321
3396
83548
64839
65986
26190
11177
8085
79088
92799
84549
201292
605
10726
51400
662
8531
2053
221120
151246
10300
129880
54585
339366
1327
1629
6942
10262
1022
10147
9928
87
64101
7155
81892
57470
8658
84669
8717
10913
57472
23019
147339
57088
30008
5429
51704
27075
57805
2648
5037
7006
826
2783
23157
55752
23644
11186
3397
5442
1653
90624
22848
10159
9738
80185
65094
79616
25831
25809
23759
79670
5099
220965
23532
8533
51253
1917
4192
84259
84128
5709
57546
1020
4636
60561
1829
5034
10434
10197
57519
55692
9412
51141
54828
65082
78995
10188
1211
4683
7518
140685
57532
7586
7579
9518
9320
27339
8204
23329
5814
93649
4602
9526
10456
5868
83734
23560
84962
6095
9644
5563
84364
93974
810
11193
8317
64425
2191
1762
51263
1952
202051
6431
55763
9467
3304
3655
6793
1271
23529
58509
10379
8487
483
9415
116028
80010
140710
55086
202
117246
84946
4731
219738
163183
1186
51008
9871
5927
84254
29093
10573
9486
23450
753
79682
23268
200916
51280
10489
23155
54870
7165
8623
6303
10629
6612
11104
4722
535
3117
51765
3073
55559
607
5898
23032
217
80746
5724
8357
57787
1445
9857
3069
65220
29916
3843
10749
6092
79712
3667
4291
23597
23729
26286
55233
91947
6301
27291
7110
5045
55690
9135
55651
6625
56957
4074
26088
6218
2538
155061
8379
10529
51693
5825
1315
51441
1958
4665
10992
55759
23246
5214
7290
80273
3703
64375
27156
6142
9670
1615
51430
81875
5127
26284
55627
8050
93655
2773
5422
51382
6136
9392
51107
55851
774
9945
23063
3512
102723728
8455
22803
6897
902
51510
1666
9652
22950
23158
10730
7109
29948
64708
54386
4082
9166
57617
1660
9126
3959
7277
163
7813
7879
9559
25805
27031
4867
334
10607
2733
29123
5900
3104
26135
8976
57661
78992
9025
4222
55589
2629
2150
79641
5091
29842
2203
55738
51715
79036
23265
23491
10972
4601
4149
57606
5621
57020
54520
4723
4535
6878
7919
6416
4077
51661
874
54107
9184
29911
9724
84321
440275
5939
23613
10557
7182
11072
5431
23126
27350
7337
23741
23203
1967
81607
153129
8349
9832
80258
7358
9815
9853
3978
64981
6917
51533
64110
1909
10181
8895
6009
5147
23523
8520
403
3679
23481
23212
80262
288
25855
11100
5834
4908
56052
891
91801
83590
596
6877
148223
4331
7681
22984
11183
995
114
8613
405
6817
5268
3798
26086
59348
5042
56935
283229
79944
5655
10923
55229
145389
55666
55365
400793
9077
10421
2841
687
25979
5076
92597
23210
340419
4194
10240
64965
90102
374654
9894
81839
9182
23049
222643
51069
9321
7353
84939
9939
51260
8480
7690
151011
126375
79649
27245
9846
4289
4354
6728
26528
54861
51397
5932
10771
83640
25929
5557
23216
22826
1195
16
84078
5298
26267
10045
5464
9360
90861
51004
196527
114034
7536
8795
51529
56851
10438
25989
27285
3070
11316
56267
54930
115106
79039
8239
225689
8912
2965
10211
22874
57175
5480
2735
3198
5316
23195
113263
54902
65109
5537
5723
2332
81671
8364
29922
84172
51225
64175
51073
29088
54897
83541
7163
9203
23097
2168
223
28992
283635
55553
23
374383
548593
4356
84941
6400
64928
2975
3486
3688
5532
81890
91452
51322
2098
11065
55285
2339
8073
54602
4891
5423
7508
6996
163033
5238
51318
54462
2631
51112
7280
116541
140739
123879
9139
1326
6188
79890
9197
22985
29882
111089941
23137
55210
51399
286077
4839
132
8615
81887
221786
155435
1606
3015
9093
9770
1808
8503
28956
8343
4058
6945
57674
5902
285753
23399
10468
1997
6659
8192
725
11258
8214
4704
4729
151050
55929
114790
54106
5608
8915
7737
59269
60485
1965
8653
63978
79991
5971
29099
5867
79874
509
22920
126353
10651
153241
60496
9778
9261
286826
3566
3784
5600
64223
55615
92255
26509
6642
2149
11277
27037
55914
3691
11030
699
55012
5601
83856
1495
9343
27036
1954
51633
9175
51386
5883
90
54622
7052
84461
9897
340277
6643
22982
30827
9753
10885
85236
1384
10762
51334
1975
83606
5165
79840
151636
116328
140460
9727
6196
6091
348995
9632
5698
5096
57715
27287
22934
79589
11074
5756
22880
257160
55250
23067
140838
84942
10426
5550
51433
26227
11218
6907
2171
54776
23369
92400
6891
4931
5567
9921
89796
23493
2976
124944
55163
151188
3157
55777
2897
832
100505585
26578
79979
4076
323
64400
9699
6799
79090
55702
9183
3656
222584
5356
4306
9052
1787
3306
83743
9459
387521
8916
51635
59271
3155
78989
9903
9813
84033
5236
57628
823
64098
80755
55174
26173
205327
10657
9557
126075
55750
158067
28998
5694
6183
54737
1500
6820
6783
204
1439
4841
4998
353322
65268
23394
55181
1838
51121
829
23608
143903
7386
64976
54940
5784
4486
4350
7095
1933
150864
89910
159195
573
5479
79576
10113
7150
64377
2553
2551
29982
10884
1677
6169
10163
131566
10509
23534
64978
23313
6888
4084
157638
7204
9804
9712
9114
2589
51292
2766
81855
5911
9934
7107
7494
943
673
23384
79734
79753
9658
4048
57461
10270
138151
3836
4714
84263
29108
6654
7786
10589
9686
7289
1102
10437
55930
1104
285440
22862
4807
80014
25797
1155
4430
100506403
29760
9577
4929
6154
120
145173
54995
171568
56342
84303
8773
79133
3431
22794
22843
79171
127703
25924
79872
26610
80349
9478
10390
7384
23321
2068
10054
348793
4698
64282
4594
134266
27250
9669
23037
84271
9367
10006
26145
7468
10514
7597
54958
54873
1073
56654
3915
55147
9590
55291
55284
29997
9325
8803
54825
23139
54531
79711
10758
1203
51808
653808
5695
7422
51755
10602
28976
23060
84928
57684
2677
10954
63920
81559
9779
145282
2782
2787
84294
9623
56252
8518
92609
100287932
23274
49856
2896
862
7082
57530
84233
51388
55035
6430
9784
135892
56906
10165
2140
54507
129685
81873
56922
23464
29937
140606
200894
4862
23046
5715
5631
126789
55728
23190
333932
723790
7004
2672
22878
1969
1942
3984
1044
9402
57134
4361
57418
23592
476
128312
25847
55661
84154
84707
10874
8706
30836
5985
5706
80212
8906
29970
56667
4145
199692
10079
1193
260425
22900
6206
55607
254170
6910
51341
83892
139341
51001
9739
10914
23142
3572
9021
55840
57551
8874
9252
10226
55256
84869
7923
128710
8061
58157
10073
9061
2356
23167
51720
84142
10040
8446
4676
23322
9158
6143
4946
114823
11160
587
3985
91319
51465
4440
64428
64793
56888
1070
2059
147179
131601
11040
27429
134359
26292
6522
2803
2967
10656
54205
55585
51122
6934
6158
54948
9647
115196
1649
23091
94104
51319
10286
4775
54914
4718
3705
6670
26512
64801
200933
20
84079
84466
9616
150771
10603
28987
10059
6455
55920
152877
387263
55432
9666
5087
274
22885
80254
467
4097
56683
54764
51268
6510
55037
27335
8986
582
65110
3482
83719
11052
55872
112840
9306
7385
4661
55034
145508
222546
55863
11276
9232
51614
1836
3455
5523
990
6499
51116
84458
23350
8233
83871
51195
5781
145553
9213
4582
10728
10019
4521
8347
9790
79705
26094
5981
54973
55612
64778
2954
51290
79173
1374
9540
2081
10481
8340
231
84256
54882
10612
129807
5033
10062
64777
116071
56970
79048
22800
54923
23263
873
11107
55288
7027
3434
31
8548
57381
728689
5048
8932
56288
25890
7855
140691
55695
51295
9682
8554
5770
2263
2255
23420
10672
6004
1540
55072
10291
26999
8273
55278
7171
79699
92
94
57626
23047
10274
4690
246175
9125
894
6855
285
57592
55505
23065
2049
23348
339287
219972
56946
7726
1030
9324
131578
6133
7259
3458
6778
3646
8473
151648
23179
14
5351
1993
11214
5792
55893
5445
10096
90522
4007
57794
197257
80816
3914
2181
10195
54893
4363
50814
6181
9414
4026
9382
5598
79896
51002
84296
9878
25822
10459
80184
51138
8260
3983
64946
23530
11332
25934
6191
23286
4849
57761
9220
578
84324
7750
64216
26147
11152
156
55970
192666
23594
10544
23414
51667
11127
27005
60626
7918
10099
10801
84988
11054
404672
128178
8829
8394
2802
6299
5507
5509
2494
8816
60673
9344
64426
23788
54361
8624
4001
64241
51593
23087
4261
1337
57600
201163
1363
124995
1018
57111
25930
10611
585
55859
80325
5641
8673
56302
78991
659
81502
11235
10025
1824
114897
51586
116841
1479
51300
25962
116985
8890
6282
493861
9726
23225
10260
127733
222194
8625
5730
64080
3182
51655
3295
57136
1646
8644
28989
57185
5095
104
84775
84886
51491
2870
4616
5427
158427
54476
55917
51185
7033
5982
4860
5660
10471
23160
84617
199704
3150
9898
2669
80305
4831
79983
10769
11102
5917
23630
1947
4898
9868
5977
51575
92960
51024
92335
586
9380
3238
5074
4160
56246
144811
1981
79893
55096
24142
3987
23071
54487
148254
1716
64786
3163
8819
50488
4833
11080
24149
56984
3376
9787
134218
26985
79002
56905
9519
85456
391
84450
5434
51056
2762
5082
57591
22795
3339
27332
8721
440574
7402
79081
54899
374393
9368
27342
91039
6609
307
55341
27173
27065
267004
5577
54869
79868
122953
5106
23092
253782
140901
178
6237
55600
144501
54474
157285
55829
1781
83658
9685
5080
23564
11078
64864
1840
1906
84289
27297
8886
8853
51451
92715
6767
83452
81876
5583
200879
284194
7486
51460
10126
1605
23786
79089
64146
55504
522
11340
5394
23235
10085
10654
5529
23479
6156
11097
3980
64395
122786
84218
66000
7627
29888
6890
6811
837
116840
56943
8888
55737
112936
34
8339
23220
283807
29101
92105
1109
2706
205
9570
8987
7074
64968
84302
79834
3418
11103
4189
11135
2651
27069
6159
5054
5328
254827
27240
29074
55718
83608
8574
11228
51747
8338
92259
4605
221504
8030
60686
91608
56675
25900
9744
5612
80347
84619
10773
91
3625
8792
54941
55502
55152
4238
10198
8505
63892
10788
2139
2781
10613
91754
64062
272
84717
2747
8568
26092
81624
51517
85014
2889
79077
5138
3592
84675
5271
30837
2122
126820
83694
54910
64689
8991
113251
54863
839
146206
79837
23163
284996
79583
5757
25865
51335
4694
80006
84260
4967
89122
85021
11222
80829
56993
8323
955
3340
1843
22876
94241
57143
5318
116115
55644
9943
66004
11213
51135
22801
9246
81567
5753
7086
8344
27086
91603
10775
7407
29109
9722
5605
51365
51155
7113
10081
389840
115939
64083
5916
440603
57665
51495
55869
29855
1861
151903
9675
6234
10590
6810
4642
2224
644150
84061
117283
51363
8660
833
4124
79643
29924
283899
9718
317781
5899
23247
84273
55854
5358
92140
23276
55833
10577
54583
23528
5154
91304
9421
10011
23495
5592
7707
6738
9019
120534
11021
7994
7581
4617
843
7469
51144
54629
55207
9491
1509
55340
3007
2960
23368
83732
51520
27348
83667
23051
1105
55345
26524
91369
115992
643853
65266
27347
55823
51317
10190
56474
91663
1163
25909
51601
3094
22931
6263
3035
10558
115557
9797
254048
5211
9665
65263
87178
55701
55119
57492
728577
64174
10533
57205
79695
10331
689
819
131965
8796
389677
788
90338
7552
10439
10452
4907
2950
6184
8997
57184
23645
994
51188
81789
26084
5144
1737
7805
9276
1891
55529
23187
51639
684
4615
8863
23080
197335
55677
83443
4836
23256
26060
146223
8905
9771
219348
221830
55770
1725
27309
2021
64924
79608
9904
84991
83992
92002
3206
3097
2182
23376
116931
54938
56926
284677
91582
79026
81537
29935
79590
83692
10056
2193
5058
92181
9842
125476
64423
114984
5699
54512
79027
57380
1819
55714
26119
25870
7374
4920
4123
9990
100379661
10802
1048
84300
10294
8864
8332
375686
2673
79735
8880
1121
57109
55167
283489
347735
835
57326
23258
138199
84056
3671
4200
3927
93323
2242
201475
10746
56983
81556
9015
55764
26098
90780
57505
253512
8443
144402
55249
79109
63908
4725
22937
57405
10330
83990
57402
5891
23429
55536
22
79873
54875
89797
6203
57594
11128
1069
96626
4726
399
27143
1174
9933
197131
2235
10042
3111
5326
8195
5720
55684
53918
8672
58478
23762
51599
254428
440689
118472
23191
152006
23753
11033
51239
55758
23303
10953
84920
23152
29072
8526
22853
10200
54542
57658
6773
10947
23373
51304
284459
53407
400506
129303
9604
9825
54758
26515
26519
3012
3371
28969
79228
344558
10123
10695
57190
26249
5524
60592
9637
56341
26097
83879
90441
57703
27128
57819
6621
65983
4253
55696
81572
57690
55007
84058
29925
128989
9295
27018
57403
7511
89857
6835
6489
3067
79754
23094
7566
130502
10450
8351
1277
51074
5870
10664
23307
79776
201627
11112
10781
55753
81610
55729
23002
9525
84936
112483
25940
80256
1375
283237
613
51622
92922
221443
78988
9789
10682
50808
200205
2152
5872
27102
54874
90550
339230
79080
10412
26271
81846
54521
91544
329
4085
8027
22872
57544
22839
22941
79102
83930
79441
23480
55622
4488
79075
5349
2643
84317
10212
6238
7025
5310
55795
54749
3300
8609
8820
5352
57679
8270
1728
11329
80323
4128
6874
11267
11000
399664
3693
653333
11252
10174
55346
80344
66008
84498
100128966
26061
116225
9792
134553
1901
567
79989
3233
389541
55049
6845
92344
51272
51642
114879
10526
6675
163882
4152
64397
118812
57003
55156
55074
7031
10295
149986
79624
7098
9442
10723
51132
5786
55671
2791
5284
5865
80007
26136
5425
660
158038
55353
8078
7905
122769
100423062
1662
55793
55781
79660
670
3925
23168
81693
55201
25902
80227
55638
93624
203054
54808
9124
6924
27254
80223
10865
57708
5533
25937
55720
23607
154214
64759
254013
57559
10008
130507
10299
4070
4041
8325
8731
9201
10427
79767
375790
54932
4720
2264
5009
56882
5189
6242
2705
9208
90231
25804
284297
3660
22821
51367
80153
340359
9517
51455
26504
2936
83460
11231
23224
8703
1362
26574
2650
6452
513
9937
4796
161
7253
114049
9889
23269
54929
8220
6241
9352
79085
58491
4647
92610
64949
149371
9100
252983
151987
10564
54887
10570
57096
129446
4009
4680
153769
84699
7089
9886
200424
51389
80818
123169
6433
80760
119504
29907
57482
26275
6558
79842
183
27122
7444
10641
84330
80762
4522
7064
23211
54554
80308
91662
3930
84749
6883
9794
23500
6277
25936
494470
23016
22894
285527
7866
11319
56987
5018
23426
84950
9516
79725
9824
116151
9704
84319
57484
9563
51021
7784
90161
128869
65083
116540
9333
79714
9133
50485
51096
6651
10121
5438
23637
55819
5589
7298
6236
8870
474343
139596
54963
8079
26589
1749
4487
7727
84295
10606
64651
23509
11285
54845
2050
51478
1841
147923
208
4913
2073
5587
7873
441549
6227
9134
84310
64927
64787
255967
3739
54732
55824
10857
54814
25915
23008
27445
3675
56927
55269
29952
64127
54806
537
3029
8836
3226
25948
402
255426
56925
7220
2280
81848
54974
147807
5098
51380
80381
6493
80830
64319
8358
8634
23042
54797
11334
25978
81570
738
80205
22858
91687
10066
10252
558
8780
3696
2639
79752
83468
57035
55015
23654
27236
8867
5527
9695
9689
286753
10365
55352
440193
825
51371
64844
50651
30000
5303
10
658
64131
126
8321
83447
950
95681
50717
257364
29119
7043
23646
58526
51326
23580
54059
25926
54584
51657
113828
56963
54700
80023
54851
55234
29941
26108
81542
23023
51
10981
5998
4753
5514
79845
57463
257218
246184
29890
6141
55861
123355
3177
4924
55198
154091
84844
9375
54453
55219
116461
27292
150274
10005
7871
7403
167227
2982
7812
84914
5362
283078
10667
57670
25897
79796
23304
65010
5993
8227
10311
51329
10849
56000
64792
7770
157657
6239
8772
6744
5609
2131
2963
114799
9816
1968
56204
1857
64975
7275
165324
9520
6470
285190
23621
27071
55748
7433
2036
146439
79818
10531
51449
22902
6093
9514
6672
3074
55766
8897
23140
2137
143888
83481
84674
342945
414919
84220
10039
653604
9546
3612
55006
58484
51203
5170
9317
79621
8797
4857
5139
5979
9054
1062
154807
54780
197370
6389
27443
5073
80824
9209
9465
9687
2997
51285
10979
26167
404734
64129
27158
5910
439
7767
51076
64207
55132
25904
3842
54788
56913
6309
27243
55591
23293
1003
10922
10464
219771
2117
11079
1763
8464
54145
51101
8877
5378
80207
79739
473
79770
1780
6990
28986
3033
144165
64081
3977
3976
5307
64762
11333
29893
3267
8933
23609
89891
25824
8741
4534
10959
57179
286410
23403
10000
81627
4179
5291
29086
5134
57161
56896
55172
29899
11273
52
57552
84937
1984
3118
22929
5471
80777
92359
10449
51569
51077
26225
29954
10314
55137
1979
55975
3619
55884
6928
9672
54969
8744
56992
139231
83638
10620
79650
5819
5126
79811
57631
4892
2744
64149
1001
23053
92667
222008
80228
81792
3098
5089
54913
81831
55111
8313
9950
8618
100101267
150678
83475
5989
9965
93100
94240
440145
92815
113201
284656
10955
6836
7105
3142
5130
23133
64073
55135
23677
78994
84245
79622
84083
182
51148
6505
80011
57590
83547
9079
1813
8346
4150
152404
163071
25759
84838
79863
64897
64434
221079
22930
201626
26133
23423
55683
1054
51605
10360
55915
79596
8019
56062
51114
10083
10110
84307
147686
101060376
160428
79586
23176
26093
644019
54949
201161
51567
29940
3018
219402
727851
79158
91782
9926
23214
23474
84984
6046
29959
9690
54918
11010
5774
79169
10101
50999
54465
55676
4249
2043
254887
4043
55843
688
55218
57609
10848
10312
357
23683
5806
10584
5606
51014
23328
146956
11146
6782
4603
5636
29103
1471
84265
5496
11212
51199
1810
53616
146691
4651
79706
91419
51202
388813
22841
7225
9039
100293516
11342
126299
59343
254531
54734
4809
143425
29904
6103
51291
1622
81037
9255
89927
2647
93986
116113
29058
81786
27241
4059
51015
374882
51164
58189
4645
782
340156
6769
79843
375484
23396
55847
6745
19
3217
65108
2946
84313
23596
139818
57489
771
23587
11083
57610
29087
8491
8743
60678
64321
285966
57222
9475
121457
653784
84547
7216
283578
79990
5097
50810
7408
91746
27089
64943
5763
84872
4710
22884
7295
5338
63915
9653
22875
10463
23131
80222
9397
26140
5627
152185
126070
28962
10243
54431
9989
4677
30001
140461
23095
1376
5210
1545
1645
63894
29126
79807
245812
54680
6892
80155
92745
8801
23515
51807
9578
117584
10475
9761
80232
55347
79142
37
201798
55083
23231
55604
54810
116092
90701
9538
10636
6792
100874074
50484
2827
123688
112495
51103
8345
64782
284273
55033
8799
3605
1802
342977
9409
23379
83696
11041
4040
8996
57128
27092
55005
128077
114885
10283
4850
57704
1464
55653
23347
349667
85459
1075
2742
25800
10491
9223
9524
109
8456
7077
7078
79810
4538
10560
259173
337963
3052
5909
7404
114991
9556
387882
312
83591
64222
92092
224
729540
255758
64399
6469
114294
137886
2005
80004
130535
54894
842
57107
81532
51142
55858
64135
2322
63982
8638
79086
5256
11188
56655
130340
23294
27032
755
23332
79937
51571
54414
255877
55082
348110
79581
2176
942
220972
9479
6631
7296
286148
79613
26229
51171
7975
11158
84293
51735
7001
10905
51526
6484
79414
9625
84919
112
23325
5364
51760
56977
9086
83478
56126
56980
3710
6695
28982
55023
57659
7779
8131
10670
23708
51306
7629
90594
110354863
57572
51379
23233
57333
133015
54816
10522
3833
780
158219
113174
27
4122
26953
55337
80317
2817
401505
54461
197322
3291
23061
126003
6591
10794
28957
64779
53339
29062
23253
9353
7775
84520
2752
283742
6731
158399
2983
8545
55544
6674
4713
114990
8720
10785
1477
10855
91543
5194
905
3601
5534
8896
113
286451
65260
54344
284611
762
5810
79832
90874
100302652
55336
23215
644
204851
3998
342132
27079
10063
131474
60490
10199
55245
23424
55330
1730
240
57016
441282
84275
10999
142679
64798
56270
90353
1603
10644
56850
79066
90488
8995
8784
57647
29028
55466
25796
10476
9585
253827
23301
10626
401647
64215
348174
30968
6347
3488
3697
3664
6894
6000
148423
54552
10057
836
51182
10436
7464
517
55906
56241
3071
321
134147
8330
80216
8449
51078
489
2767
112849
25917
128061
2039
83637
54994
6943
1340
79847
30811
10465
55633
9028
81576
6231
6096
25879
26040
96459
5540
115416
56948
51506
84668
440
7840
79637
84281
54065
162963
5831
171017
55746
79572
2119
57407
57447
195827
10385
51501
521
55454
3752
55329
56521
4648
6814
8740
593
57132
6662
55080
10939
55028
80213
144233
1892
9767
2444
51309
85476
54801
84705
158358
5289
53938
161882
23221
149603
27129
10945
4810
51278
119710
153562
23671
81788
23704
127281
56681
80012
1812
6833
11069
9681
54962
64785
2045
11101
26505
54946
3170
360023
56605
56994
57649
9907
602
4512
55876
56923
64320
54793
51496
57050
759
399909
25950
23473
80173
5874
9509
32
84706
22863
3945
25820
2232
168544
90417
23213
64284
9891
7678
55561
138429
51128
64224
3202
54726
219743
55118
10982
5179
57573
55092
5923
27145
1515
23595
3755
5797
7106
124152
57486
29967
9172
23299
10396
51108
284361
101059938
1124
92399
57462
163859
54878
6988
11162
221150
5863
9755
5213
55624
23670
49855
57616
23567
5696
649
285195
26130
3757
79180
4485
105
84219
23259
388969
51250
10807
51186
23078
10451
91875
337876
25766
152579
89781
3257
54707
85365
79095
26063
11169
23108
5155
10950
137492
11138
27077
7174
51226
4801
9927
54977
977
10455
622
222950
54811
4756
55191
55739
5630
23262
84196
64398
60314
54478
26012
4598
6192
23568
6337
1908
1910
100527964
130399
10635
219333
8303
2584
121227
79037
254359
3704
84812
55601
50964
831
114803
10767
60481
162239
5345
84376
100134934
5355
80025
84100
3751
51031
60682
27247
64784
50626
11132
9811
26054
333926
11017
57018
80017
55117
126308
147040
56990
80233
10927
126326
283248
84133
64780
285590
2660
2624
23185
93233
57057
25816
55825
54906
57613
594
10782
119391
54883
51028
64219
55017
256356
81579
22915
389434
55238
1181
8711
654483
81794
83448
60313
28973
79635
8732
51172
25893
3350
729857
10290
91612
84335
5768
57685
159
3778
7692
5791
10983
93129
6560
79987
23548
133746
57130
56986
3099
92342
9278
6838
9741
6503
9796
84440
26115
100885850
56005
374659
10092
23029
55565
158471
155368
84080
54862
11031
159091
6382
27020
55593
11015
26123
727910
4644
25888
55808
9553
10180
5569
23264
121274
10550
10309
84057
150472
55296
928
55068
7351
79370
58485
1263
84938
140688
27253
6342
4017
7745
5190
3227
253725
1998
5799
2195
30851
9310
23059
28960
51752
80230
51759
51231
339745
3841
29969
83939
64757
91624
6168
65258
26290
84069
63924
5780
63916
414236
2281
129531
26017
81034
651746
9677
56884
26071
3158
80705
4715
23408
51011
53373
81553
154661
79817
10537
221421
84146
148327
124245
8140
10943
169714
5160
5121
345778
4201
692312
51247
113026
9170
84881
3017
4139
23208
2764
387032
27134
3714
6832
116143
54621
58486
79879
55359
51728
27175
91522
146909
25778
65244
94097
3759
55182
7857
23505
51763
8537
4012
51560
51531
55344
57455
80231
121260
51339
149473
9311
63935
79602
116138
94030
10978
6444
100
2537
199953
57146
126074
125150
80312
10020
81533
127002
148932
56911
6574
10402
7764
376267
9545
92595
3960
64410
79594
57862
51454
55707
85378
6751
55973
55320
11157
9833
23545
317762
150275
65993
644815
5818
400569
4514
80018
9053
10208
8341
23370
57701
114822
5264
55794
5734
51081
83594
26230
84926
8331
51154
112609
29998
27022
8490
23196
63971
79087
81544
2675
2734
10548
130617
10507
55787
254773
10447
26034
9266
9473
91689
2241
51310
90580
26959
8209
2262
54704
4337
10206
64327
5890
54677
4094
1635
55620
55954
25829
23589
54502
115817
54505
4927
129285
26010
4781
10023
8754
105372824
83716
9758
23353
55573
221960
9772
55669
54812
463
90990
10479
146722
5191
3694
64746
64419
11178
130162
23127
51646
4943
10565
652
79675
29934
9493
55289
55325
51809
79856
78987
5999
7544
152485
55687
3909
79853
8821
440093
196294
51134
11093
2157
55322
4049
84987
10420
7347
26577
59307
8907
51224
64225
80704
114883
84641
2739
29
114836
6390
5775
63929
84811
65124
91833
9684
145781
55004
2286
10766
80895
23556
51659
2046
8495
344787
23287
51727
475
10361
2245
1519
55214
148266
51742
158747
203228
55924
83861
57645
283643
29803
9962
22898
54681
7881
6683
54539
57507
28955
55733
51196
4938
84684
390
9973
79369
10600
8808
29994
28984
221044
2590
55205
5476
57476
10443
150094
51429
3417
5447
79932
10541
118424
1456
64763
1992
9830
8086
55501
79696
127544
2595
22911
79726
79178
55251
207063
152926
79442
8760
85395
271
55700
3491
149420
140576
55909
6821
678
316
4649
51361
8034
286343
94122
4782
4168
255488
115677
493
85415
5412
9966
8771
29070
89970
79892
760
9127
27042
11343
6834
51651
3382
80331
5125
2987
25941
22936
23040
143279
79777
10622
83546
10444
5740
7802
1266
2048
142940
8633
9235
23378
79961
51157
90203
55631
1944
51029
11064
9905
116442
9262
9742
9985
9120
6399
114876
1983
27090
79858
10362
634
79165
9736
8336
221078
10440
29984
8914
29951
63897
51068
2000
404281
6909
84449
51131
24145
6339
23395
3248
9600
754
10137
51244
79074
23172
51296
144100
7763
22955
124454
132158
23516
126382
51634
83874
5817
23038
29097
8458
8416
1200
200576
26032
63826
7718
479
256586
64710
2632
27179
7357
8883
4925
89958
134353
84448
3632
2917
90843
27293
7458
116988
283933
80345
7589
221935
101
972
163087
3151
64236
124583
118487
63970
51088
7326
8395
79719
55349
1238
6358
55084
91272
221496
85359
197320
80329
57574
253558
23765
2937
22797
493856
154791
83707
54956
128338
79400
79640
10903
8411
166336
6575
55248
84752
3709
865
5372
9572
5333
9542
10072
59338
124808
64599
22822
84189
3034
129804
29992
23522
9807
168451
55757
55213
80221
56892
9073
29094
23102
90121
55286
79877
2717
57511
283385
114327
645
21
6992
84954
1889
199746
148103
340719
3727
339501
54799
9091
5277
7348
4580
94121
7556
8546
8682
124565
7570
9851
54826
115294
55907
4696
6548
79672
64838
57099
10367
72
90187
93210
57456
285267
83891
7991
4915
4707
23503
6533
26037
149041
140459
55227
8438
387856
9569
55621
147991
54475
93145
79648
266812
51493
10144
3338
151195
26235
60468
26984
65061
65250
8882
8509
4712
2121
64114
128
6905
64857
64283
53831
79073
9034
7380
170384
89882
50650
9088
79956
252839
11226
83786
22882
51530
165055
9562
55374
29090
81554
3764
64834
4338
51696
84524
8969
984
51200
22865
54903
57542
10810
29974
540
8879
7746
5027
146712
54795
285203
54809
9619
262
57700
57554
23533
342897
83641
84934
63934
115098
8844
7432
11238
7076
4519
57007
6302
121642
79669
11147
84911
9026
8559
129049
51321
4224
84896
5142
6100
79029
55629
9244
7564
90007
80063
11189
9296
55224
115560
55435
1427
55175
388115
84899
8643
6608
9748
51075
100137047
56929
27304
2277
64147
10518
8492
29915
26521
92840
57180
8942
55013
116447
25949
58492
23151
54496
81605
118987
25852
51124
90355
27284
23354
3241
219
249
51274
10555
6422
29098
201965
221656
9896
53343
63979
11044
65117
3889
55157
55333
23230
9550
3460
3416
410
2588
101927446
143
55209
83539
29789
776
79993
9895
11123
375593
4294
84629
728621
93134
1678
5168
51042
64089
5283
8348
1723
51209
65979
27113
10780
374354
50615
347902
6397
55773
121053
51118
51690
8970
57523
341640
285605
79798
51477
135398
66005
221545
493753
1244
8369
79825
3658
57568
79633
115704
9887
115
90268
1611
84951
57553
1316
25864
84221
64407
126433
139599
6341
23138
10469
7701
11014
55846
144577
3454
81888
124402
221785
64856
3741
7145
11108
10637
57217
54920
91010
27109
22978
91523
7837
901
84067
83660
9917
5639
9377
283212
5526
84193
51060
8612
84232
493911
126133
8842
28971
150209
161003
196385
7922
5008
114791
64895
84267
79763
54058
64430
30815
9595
58513
144097
114904
79034
163486
23093
79912
388650
84065
139285
196513
79794
7029
283373
283870
1522
987
283377
55254
54033
51181
5019
3013
3934
3425
5754
2774
157313
25973
2530
22995
2694
3563
10908
56995
26005
8872
374986
57496
2794
5253
79078
55128
135644
115201
8974
4883
4880
85463
64847
55534
79709
440026
23149
1106
166378
5366
91368
2016
23598
54455
55266
23317
3898
225
55680
54149
127255
1604
58985
285231
401447
5654
91147
83549
54466
7978
83988
54928
23052
9110
26750
9123
166824
92565
8934
22904
219988
3633
8556
50632
9144
440087
3421
1850
6729
2729
97
57643
54832
389114
5428
11232
7389
91703
85313
220323
80763
10050
84299
64432
60370
79183
84912
154075
10302
206358
54733
166785
23678
8632
84138
55614
57148
80224
8310
283537
10231
6822
84340
54997
55297
219699
51023
6863
79671
23072
170685
25813
4247
1950
9640
8611
3174
10563
1131
443
55125
4126
259282
79778
112970
127428
3213
54469
7477
3552
25996
767558
6902
283455
64743
64374
9399
8871
3475
10380
29066
10806
57125
139324
79600
140775
8399
79092
90987
2683
9245
55890
883
81577
320
55031
1138
80021
8857
221154
60343
51271
221692
790955
54790
129563
79694
347240
11067
23551
3422
2621
57231
54495
7461
57480
6170
55095
51611
84441
7504
2702
80210
10272
2072
10948
146050
28991
8690
84542
23082
147463
84514
54332
58488
23070
85461
51125
285598
23623
50640
1353
10424
129450
83440
26205
10196
55568
23300
197258
2686
91942
64900
84968
79191
347734
199870
79943
57664
6536
57560
5858
4285
7166
57688
285172
6752
64342
5224
84766
11153
26470
57514
1366
29100
22883
55959
1774
23341
285489
389812
10435
6539
80142
23277
51218
54665
54802
79692
55280
89944
7862
28966
5937
5164
152137
23241
79415
196483
51347
7568
7172
51582
3081
29880
55656
30850
84124
2271
121391
152503
54566
84836
2491
401541
4916
116159
9929
81691
84188
5330
2582
139322
148789
201931
1066
51596
118426
2949
51206
6388
58499
4820
4129
7373
218
4650
391002
80127
1298
2535
2054
9766
4325
10457
5279
146227
1393
153443
51090
55635
29083
158809
10322
83596
306
26520
22906
55008
23254
10280
284069
54876
84923
80169
162972
84274
285600
1632
10961
29071
57563
146059
579
59353
57337
125988
54541
88745
9683
9913
23616
55744
54830
26297
79651
57799
55071
84898
2627
171586
115362
138639
10007
9277
57001
9922
139065
83985
152273
23041
55258
4982
55778
130557
90324
284716
9258
100287171
388272
54439
57162
56978
2822
56265
134637
80199
79363
11092
84864
28954
80129
2719
84986
10370
63939
23731
1140
23011
80856
2971
54497
27440
8646
65981
84318
7748
8818
51227
169611
2041
55486
6610
90113
4013
9122
79135
54468
29960
5203
256281
9630
1490
8702
51337
5305
25851
4552
127495
445571
85413
729991
84626
2879
84870
80776
162394
3695
10205
55101
375775
80111
57586
8329
54961
11237
51528
79661
283358
138428
25821
9874
255022
83595
3420
729830
1945
119
9064
10090
113178
51119
84817
7733
27344
203522
165082
57655
55813
7799
57336
9925
51714
79098
9697
4351
51170
196264
51504
27283
120224
113802
28951
25874
4881
51534
2876
54970
8659
441478
91653
166929
23218
64800
83636
55200
132789
259230
4314
1465
57105
5269
148113
10591
130872
64061
54467
152007
51248
10087
55852
8745
84457
219854
4357
1510
222068
199731
6003
54982
79947
53832
22852
653583
9617
1848
84632
10326
283989
51110
10652
727897
79954
93343
5570
11322
89848
2239
84501
10799
139886
81545
79068
57536
9826
57515
102157402
153364
64376
84695
4585
55316
392465
64118
1134
157378
10201
84888
5184
84874
90204
10717
157922
57677
222662
57547
83852
23576
84795
400073
27230
221908
8013
706
286205
64925
84885
5007
387921
57479
8092
3600
494143
785
10587
84904
113612
57478
54968
148137
79673
55727
115123
403341
9205
25963
4758
343472
6541
23635
283149
6650
636
165
50515
1719
57493
11122
7349
163050
1687
388962
84301
54839
219931
6487
199777
199920
114800
10520
285282
5348
814
11266
57019
9238
10428
64221
6668
152
57178
4038
8776
1365
79174
55262
8435
79070
56122
387119
129138
26960
167465
116039
51251
346171
51201
63931
4953
4947
343099
143872
9885
51409
119559
158586
5229
8800
84451
54952
6307
84328
54482
64901
4254
85444
51106
28972
85379
126298
147948
55841
113444
85377
98
55144
348093
64427
5173
15
91056
23358
9547
256471
221806
7574
7705
10335
653857
79634
348235
51236
80219
56650
29801
1047
6553
3363
727800
342667
28974
5141
25957
23658
5613
143689
160760
25901
1087
84905
92370
84803
54981
84958
388701
23129
79177
157773
57213
338707
10244
126669
148362
431705
1113
79064
27000
55188
255252
92689
29886
1371
84437
115861
64806
154007
54857
122704
1854
2070
2592
10553
23506
4323
404093
4640
55512
8859
1233
58475
23417
79147
8322
339231
23593
9423
374946
79175
1491
6843
4968
55572
79827
23443
163081
6903
114825
388536
214
7122
7553
7035
4969
122809
57045
83940
57091
4121
6940
113455421
84107
501
29901
8846
6550
284992
56941
127700
128674
155382
125113
200931
133957
53349
124044
54834
1101
79644
90809
201158
54510
239
51699
84614
167826
1946
84243
94031
137964
55745
84947
10725
8729
9655
57198
29105
10157
51373
57648
79690
65987
25837
9831
1644
8572
57696
24139
126231
51734
84159
2572
115703
1609
7760
9535
339210
84240
2674
4976
51706
54986
89795
6171
51364
100532736
375743
144404
65062
51816
286336
3628
1537
7318
10158
83857
1268
3775
79567
7712
255919
222658
64288
135114
5078
51315
83758
124401
56895
497661
112479
8334
51111
9180
79998
79019
25961
11142
283208
548596
10345
79056
125170
51163
55103
59272
10203
115209
91408
10391
340371
154043
9836
258010
55323
29990
346689
79829
157
27315
51333
9583
8635
128637
5881
201514
79631
3779
57404
57176
57654
11022
57446
57713
10026
338657
79192
54555
2902
80271
90019
7694
1657
400818
25914
22921
954
148534
3606
27180
339122
201255
23096
6713
4752
10071
50
51204
26024
10497
51230
1795
116224
326625
2178
51523
143162
2745
346606
9455
148479
392
1939
92170
54853
81563
55332
126208
25927
7621
63928
4147
26099
2135
5596
116832
57182
81566
5924
8550
8705
1136
554235
1351
140609
116983
56951
2622
92482
55270
229
124411
80183
56940
9760
7542
2395
1040
56132
440138
100101467
642273
148867
648791
747
56890
4257
84924
10867
375341
6051
9762
140680
8549
9398
79042
3354
338599
89801
2258
197407
55784
29085
126272
9860
80332
64581
283871
2819
617
90799
80303
54960
9941
100506736
63951
23471
166379
26022
8637
128240
127602
23012
220869
147007
124930
55628
64582
139212
27178
63901
6549
63917
10840
222696
84976
23463
4063
2638
50862
3400
54822
7769
7162
55032
25799
8694
10245
23555
55769
64766
10076
254251
255394
5742
8542
2645
129080
123036
57556
121512
140612
26507
100037417
128553
124935
115004
56181
9721
9812
79083
2619
390927
55179
9819
84553
9988
22903
85453
5697
2877
317662
221322
57605
90736
91289
1534
55848
26469
171484
85007
6319
3916
155038
92935
55776
56910
9507
9501
3352
339318
10800
10741
84465
56889
90871
84696
55830
5744
285237
727866
51710
342926
117166
144132
79934
6041
147808
57097
7596
122060
6913
112812
2826
57569
84071
92017
161823
23232
94059
9130
284207
1953
100861412
79884
25966
84681
9204
85437
285193
113730
4600
150709
57186
3145
3631
22877
10135
29057
84331
4072
123263
151473
2029
6405
11145
85406
286257
401145
80206
60559
79676
113179
29985
51022
91074
3224
80114
25987
79659
79053
89978
91749
54947
9069
79018
85013
341359
11018
57711
29995
56603
132884
200523
57102
346157
10691
3762
54546
124359
219736
55002
54784
7633
7567
55313
84144
64411
80298
284086
113763
123228
56163
80315
6512
90321
27035
10811
221264
114785
83479
114659
730
53841
169841
79140
23360
131408
80243
22847
401548
728
10269
25994
157567
80139
23207
29980
135154
147138
51768
9452
11099
84316
146395
25840
84680
8479
375444
10384
84327
528
140469
4234
6049
387923
132949
8802
27314
80208
283638
5205
158135
56649
7008
116986
54516
90485
10400
7436
9381
79800
143098
221302
81558
169792
151354
84878
11230
590
170482
1593
79639
51316
84102
9537
116835
132299
9837
6376
339512
23550
89782
219844
79982
56676
4246
100526740
55180
10965
27141
100130207
121665
128434
10103
79031
3781
401190
55151
220
55713
7699
57608
64789
51764
27286
374395
6690
55020
10308
201562
55856
10962
285313
79918
25861
92822
83888
29923
57048
91894
57577
80110
84253
389119
56063
84541
124446
118813
4983
8809
29080
91807
23240
2560
253959
55351
57620
55225
3001
387496
131076
23024
80324
65977
203197
79828
60685
100272147
80267
9858
84250
79574
55665
150365
89846
9765
83451
8225
22999
1004
200014
6571
344148
54993
55786
641371
51228
7264
23306
84883
51540
23305
79805
27085
175
4821
55531
6448
8460
5373
284352
51246
653489
6373
283337
7368
1285
285180
113220
3918
23659
8398
54676
1396
64921
89845
202018
55319
1429
64718
91433
140467
145483
81575
57453
56255
83989
90952
23228
7730
23761
10899
4520
79646
55654
55608
963
56912
164091
85443
283927
79731
1811
165215
100131827
27153
35
113675
51062
51115
81025
79684
23200
1798
23527
4016
64072
56947
83849
57460
53904
3955
63926
169200
26355
744
84152
80851
4345
23351
29887
26207
84272
79591
158158
2056
83937
117248
192286
22798
7482
54985
113246
200030
55281
1132
7716
54868
23456
22928
10371
23483
85235
51330
10350
79629
7752
114905
6120
64097
84895
2531
221061
84873
134549
55160
55228
92285
122773
284323
57614
5150
8459
55184
284697
171177
64773
2254
90407
112817
58515
25984
84419
3112
6248
9679
220042
4828
10327
220213
22869
27152
83648
102724488
9289
23205
84236
9880
55471
79674
2644
9488
50487
10256
23660
90956
196883
8427
254122
79647
80775
6035
348262
2526
6920
30820
254394
654364
9855
4241
114784
220963
22864
1185
55334
90637
64067
84153
120425
389337
388753
100132406
445328
119467
1364
9429
80264
84909
646817
83699
116064
7592
4125
9746
55312
115024
6697
255027
83442
5875
114987
4935
56548
80255
54841
285671
36
4948
151393
3574
79949
9050
55088
66002
4939
403313
57683
81562
54943
160857
27165
54991
55055
474344
2519
134728
57657
881
57666
84693
53354
123811
151313
7743
284040
133686
144608
339479
51804
55051
54856
79969
148014
3077
353274
79612
6351
145773
147912
8501
27294
8884
149840
1303
6414
11253
84337
84162
64760
220074
887
124637
392490
81849
266727
286319
81688
54890
57728
92211
83941
63877
79831
285761
255520
221711
22873
284391
23590
57017
55112
80270
166815
114826
126917
79789
6586
149013
55273
54942
55617
134111
80352
55108
402055
120114
654
199221
102724307
728294
26048
56271
10732
375757
9654
161291
79891
55105
1002
376940
27154
168850
8510
23333
121268
256714
56261
3938
219285
11216
1119
9552
23432
260293
54796
282969
29942
79744
65243
339451
4668
388403
9215
64077
9364
9912
51084
83872
79071
84266
8869
4708
56907
84647
7915
284325
23554
340273
145864
51703
152098
56128
2030
51012
7593
64090
1486
54097
90673
57458
65251
84064
407738
8671
10655
55255
146923
337879
253635
7100
286256
10349
57224
404203
727957
130026
7148
22949
10804
770
55150
51005
51059
7639
50853
374928
93663
51174
80745
60560
23116
79582
84436
92283
55196
1350
3899
253639
222171
441531
1179
4248
375035
91775
90527
54545
54989
27106
957
414918
1269
51314
84073
2110
284565
150383
408050
25976
23507
55567
11240
3176
8728
93587
80194
6649
55711
84933
136306
285636
7582
55974
4682
4330
11070
84326
221477
5972
387640
286046
144406
246
149076
167127
147657
130951
222236
134510
25974
27249
348654
3373
57188
101060200
57721
89887
51117
8714
23252
8482
200765
11163
727936
90317
53630
9315
57497
956
8320
84279
1580
549
23150
340578
100996709
23398
726
137872
10873
152100
8698
714
203111
55667
29906
51102
347862
340706
55862
25798
63977
54860
117145
284434
8817
9703
3489
84286
27166
55036
78996
375748
10825
2134
195814
338376
79841
64344
389206
26112
26998
84570
29799
125919
51805
114757
114804
10003
181
115584
261729
79366
80162
57732
25981
8704
161247
9731
2878
10194
391356
90693
127343
246269
885
53942
56954
54328
160335
120526
6725
27181
339324
112942
135932
84203
399726
146556
342184
23057
56999
85360
79974
55902
79691
117608
3587
7637
150372
116843
79755
338440
150468
196740
11167
9249
84190
10216
57549
136853
9749
8989
9489
7976
55194
58986
29965
79792
57452
734
84187
112487
10316
2846
169693
8605
54537
1389
54454
5046
51372
140733
80070
1139
113791
55751
55647
10242
55357
56898
112611
7940
55206
203069
80209
10660
5028
146542
253650
160897
84532
7634
144245
199857
80731
400566
57719
79413
23767
23566
55239
290
80201
9710
63933
3141
349565
79153
90416
51360
2184
256643
84765
51167
84230
285498
119032
9923
51093
353189
105374836
54674
84620
54558
619279
127253
158293
400451
54827
55192
84288
11094
150921
80168
53834
389203
83943
91300
126259
90075
140564
388569
3680
10588
57707
7620
60385
163702
345757
79758
4493
8840
613037
149563
79683
6580
84890
9843
23007
9663
124975
10219
