4116
3187
5684
10946
1063
6840
2908
6421
3459
6472
58480
309
23327
83987
8604
23380
8841
10009
3857
5460
5869
2664
134957
415117
11335
5591
90025
51072
8723
58533
80144
286128
10765
8535
7756
6059
6138
5775
79734
4851
51434
5881
10519
56262
1880
54165
51649
6950
10971
9782
27185
10127
79666
4914
51608
5931
5252
1207
84967
3832
6228
10273
9531
30011
6311
23633
4171
85440
7415
1869
8202
9601
3106
58517
8353
11133
55140
80279
3728
1029
8450
8452
6201
6780
10527
7083
9757
81608
3981
2099
54512
63898
5500
3577
983
8539
3064
26468
84304
332
5501
23193
6446
6748
5108
10112
996
7531
5208
23028
8676
121441
203068
54815
8350
5905
10482
3964
961
23087
25862
1387
26039
351
148523
8669
8667
51619
55611
39
4163
723788
3615
1213
1454
1080
813
11269
196383
284004
26580
8409
4214
6137
1994
8496
5976
1938
10013
84955
29775
80179
10298
7529
79155
8517
161436
3178
22827
5682
11047
3550
151613
5518
29966
57120
5970
55003
9045
1026
10399
54534
6182
4092
93
79016
3032
10075
1642
3796
23363
54972
3309
10681
3316
25807
10618
1385
6721
2521
3190
22938
545
51018
2033
8359
6813
55215
8454
10342
4793
81930
3320
1408
3276
7068
1021
1031
4174
10492
51043
6667
5980
9759
93474
5360
200895
10856
4311
58
55929
8899
6628
6901
374378
7283
10694
6155
6134
8189
56916
5925
4597
1488
3146
5493
10768
22879
64601
9774
51535
54464
22948
55355
8360
10594
8738
55367
7321
7186
28996
4204
23318
79901
1627
672
1025
8440
8312
79132
3692
23178
164
55075
91151
84081
4641
51133
90507
5885
6222
1655
207
4709
55967
4701
8837
23451
9274
11171
7514
2176
201254
10188
2167
22861
838
10128
140458
5110
6199
10528
8342
57062
3329
6733
147339
2335
10949
127829
7388
23400
4886
27336
51428
5595
8751
7329
3725
9202
6613
55183
3091
25942
51143
55148
8354
677
94056
3171
7088
4436
28990
51026
8036
22808
661
10623
10980
8148
3895
93380
7410
8651
11140
282974
57409
5468
9657
10477
8493
3014
51530
245973
4774
55294
9477
23170
51547
9678
84105
27067
8575
7316
1173
6626
55165
10015
3065
57621
7965
54069
988
10078
7372
116138
51616
6884
79173
664
22907
3608
9820
2806
6788
3336
4609
57085
79922
26986
4738
5747
5728
54891
6640
57692
7094
3184
8726
3856
23166
23062
94081
55623
54517
10763
2314
55717
23710
79018
2668
2091
54865
4627
23603
4763
4293
24148
5071
331
9131
6875
2957
129831
9100
367
8453
5430
26270
7311
1856
1859
114789
3914
83737
8650
79009
6895
4093
4089
904
5371
112939
60492
11345
6597
5599
24137
9055
10951
84787
1203
10423
23435
6147
10161
9735
1717
26046
83933
9612
10048
4233
51602
23552
6794
5700
9097
10714
1108
1729
7411
163786
9338
5894
10197
23181
572
6281
645455
90060
54433
54509
94239
5433
9646
9818
129401
4522
6789
158
55154
79888
6711
324
26155
55027
373156
10890
10114
7341
51741
9474
23466
8356
6428
3437
30
441150
3799
27352
83892
29978
10250
1650
8668
2296
6299
55749
84759
701
10393
25831
83759
5936
9043
1974
6599
56829
5597
23421
81622
25844
9217
56950
5128
7532
10049
2130
54908
161582
55507
11311
10055
57562
2804
81
9564
2288
6271
162461
23399
26009
112869
7325
6175
5494
9275
6760
51222
25925
93643
23469
6829
79882
3837
5954
399687
55193
5685
3326
26524
5725
5411
3875
85403
79101
54148
84311
9777
81790
4776
23175
369
6045
9589
64210
102
51773
100288695
10061
25920
51606
85451
2969
60493
92906
203523
2885
1639
3313
27125
4297
6907
81628
408
55131
25885
5202
22983
10556
7515
51776
841
10210
57332
121504
4843
5695
90410
26146
6117
2189
26043
5708
7528
7979
8243
113130
10014
2746
9099
23624
997
22809
59
3778
8363
8968
57504
79577
5828
10733
1107
57510
23612
5714
7430
5962
10772
4942
28988
55785
22889
23390
160851
55605
1977
10989
4301
55366
4691
23076
4791
4792
4288
57147
79701
10082
468
10970
1789
5833
11120
7431
167838
665
6296
10919
801
1159
5290
2776
51527
5824
1915
23386
57565
10474
54093
23549
9882
7314
1778
51652
27183
2023
22992
27043
330
56616
6418
8355
8294
10043
51067
26995
5424
23409
4817
10411
5903
56243
3281
285753
154313
79017
7257
7175
23332
7533
546
7112
55761
27163
23189
5499
9984
4216
7391
10621
7917
51193
10382
29110
57584
51295
84171
6775
117157
80311
55755
9530
25
9532
23235
57122
5859
7030
5707
54472
3556
55168
57693
286827
7157
2742
5311
83903
90293
26258
55093
6015
4173
5001
7301
107986084
9128
51729
84816
158405
4191
2272
9902
9821
10916
3315
7381
6498
4088
8766
54536
23524
6449
10952
79869
79571
65125
998
10540
22927
27161
10238
79657
11321
6709
53347
238
6385
5209
55290
55627
6634
7465
4172
5000
55170
10809
10131
90362
892
112950
10458
2077
200186
7844
1796
84268
3312
645121
8607
113878
1739
2977
10241
7916
2782
54331
3956
6607
26354
648
55692
10523
23468
8664
84445
2065
7343
26168
55069
22832
9031
10155
9869
56257
9092
5511
2634
1937
3159
90957
2597
5520
8878
7534
4599
8266
506
7284
56674
79980
51637
3980
7520
338785
23242
6118
4836
126526
80145
10915
7170
1147
8761
908
55844
6633
1656
653121
10460
84282
8065
1503
3996
387
8939
10419
4940
6622
3308
3720
7203
1808
23043
2010
11180
51562
4176
54540
143458
5116
51780
1663
124739
51422
84292
26121
22933
2308
6233
55609
2064
50512
2079
4927
55308
5564
55178
23020
5152
4798
382
23345
7023
4193
8540
55054
65065
8216
9253
6868
317
3188
26156
472
54953
10134
328
26511
1039
54896
830
8560
9669
25843
85369
8850
117143
8352
57636
255967
6637
55610
27333
7706
5522
6949
6741
7069
7490
267
5049
9342
3480
10111
23543
26127
112464
5136
5515
1612
57599
5337
274
112858
580
11130
58472
6144
5521
2800
9044
6164
5702
9219
84612
2801
5036
9987
11059
3030
7994
6235
7384
2887
57520
6217
9793
26015
10632
5681
5887
26053
10432
23641
11328
554313
10385
51720
213
4005
79035
58493
10987
5317
51377
23513
25782
64848
8562
92106
54535
23636
2888
1613
6938
124790
23239
4706
107987373
2317
4869
128866
6872
226
550
11236
5830
8528
10376
6671
4899
55722
6427
65057
126364
284695
9410
8361
64174
10897
11066
29945
8697
9656
29920
55173
101928160
9875
6655
310
27101
10498
54187
5593
10956
7184
3614
51053
10808
481
22976
6224
5584
8470
9063
51406
7266
22908
6602
6157
5978
6601
8737
84708
151194
84466
6850
80304
9938
54407
5782
10051
57727
27316
50848
54872
10325
64121
23031
10575
8289
286262
2316
9931
84859
3671
293
53981
89941
27068
55640
154796
4773
1653
10277
84993
6208
8683
10236
9371
10204
4141
3185
1855
1602
8662
8614
292
51747
10921
474343
79693
55719
10133
3219
84464
51499
10483
84726
8665
4670
1499
708
8366
5241
26152
23412
6605
2222
11007
23270
23338
51147
5598
5983
2274
3399
7286
9910
2769
56893
6692
8467
81620
57761
9220
9958
10592
2194
57695
81027
3024
1058
9801
26517
9730
4734
3096
54840
372
55660
10346
9053
10467
2886
8428
7248
1051
60412
2961
79680
100529063
10724
8367
445
57171
6198
4686
50807
143187
9482
993
56945
1407
22919
5498
23411
25793
5691
5395
5930
7178
7323
81847
7307
57129
55052
3082
960
4134
63875
26994
47
51647
23650
8347
7466
5686
400720
79654
29911
50855
5607
81889
55526
84309
9513
5928
55957
8565
162427
5594
9919
5245
84959
7414
5692
7037
10598
27330
11161
10179
22916
8335
3622
55149
4771
1736
92345
54434
64175
22954
9413
49854
23013
5771
153733
541468
55709
3066
5573
84978
8030
5034
868
26003
3192
3554
8777
59339
7322
31
1270
79786
63891
4904
28964
9001
60528
9141
55109
1154
4087
9468
3181
694
51255
11060
811
6919
9698
55971
5565
2058
9140
26056
11215
8774
30849
3717
6774
23557
9737
6908
11051
23177
1487
10524
65992
7726
64979
57596
9146
55364
6122
9775
6129
55011
9212
60
8471
63943
196
9049
220134
5586
85464
55689
9877
4292
6696
9343
8975
25839
821
64343
142678
8786
113115
23588
54625
27252
51592
5862
2319
79803
23383
65003
79784
64771
3205
11168
144699
5062
23173
284217
3673
23283
5716
5718
9967
23499
27436
8508
23365
7009
29956
8301
27327
24144
83695
8907
2120
5217
10625
10486
29079
5585
3992
5745
8548
64170
57103
11339
8945
9406
3055
3572
23559
10580
96764
2931
4137
466
5295
6595
54934
3607
1543
7189
6205
55646
57092
23476
3575
2060
51035
641
64682
2186
9416
3005
8290
6879
10549
54935
81929
6396
5829
9584
1654
84823
10278
10174
6197
10454
26164
23405
79913
7416
55094
55837
552900
5093
55339
51009
84447
5592
79948
6139
5129
118980
4175
10567
6464
3643
134430
3068
8351
55603
51684
27148
79139
4800
1386
9265
2935
56259
4296
26993
256691
4047
25814
23521
6132
150684
6310
10551
29117
7020
197
64087
57521
8663
25792
1466
118472
23191
221092
8826
27131
23184
5335
84893
57002
8368
79890
5868
6434
23112
25788
51585
55769
55246
83543
11035
5984
10658
599
6925
196463
201895
51100
56904
93594
5590
5704
5610
8815
1948
25894
2617
57396
56963
6598
10018
65988
4854
79446
1822
7011
5877
22890
118430
64960
2730
7390
5286
54039
54778
115548
11198
23764
81926
51160
84164
1936
5888
54904
2287
80135
79159
2564
9236
2118
9867
58525
6606
3198
4188
8161
113523636
81550
84191
79977
8106
64754
2011
65018
80020
11154
6648
55771
79759
705
51663
7536
7324
2869
9961
51003
5436
7913
10673
253260
301
142
23054
64855
57473
8661
51320
2185
9070
127294
10521
9643
7541
9149
23379
1129
8314
4711
23385
55626
3337
56254
90850
2307
93436
55081
25886
523
2040
80230
211
441518
654346
55110
10363
27107
84365
153527
6249
6119
160
23234
10617
29082
375
257194
6801
29015
10284
27351
81565
6867
10576
23517
1196
23326
27044
57187
6809
7159
4000
91107
5163
2078
9188
51593
55916
79768
25777
4140
9512
6229
8365
79876
6836
79001
8570
23404
7133
6576
9463
26278
23198
4282
55589
2580
9817
5435
10142
9733
834
8835
7067
5451
3910
3958
10328
124997
55892
7874
9946
51594
7132
4646
54554
6124
57619
55275
4780
5604
22807
91694
57646
51447
25945
444
8649
4790
1777
8924
55831
57459
6566
80854
9915
4131
5198
11331
406
9575
26259
6209
3303
3301
58500
7169
1460
7019
55026
338692
8677
11200
5393
81704
196441
5530
596
26035
8567
6830
9113
10413
10024
54971
55048
5981
84458
55824
6764
1982
55898
1508
6827
8370
55596
23135
51010
200558
64748
10988
51444
4736
55602
10116
89853
54739
4671
3045
6732
140890
10963
326
55810
83855
2625
2517
2665
60509
54438
8439
5719
5987
5687
5886
2305
2309
3621
114793
3028
57539
79677
5050
56288
25836
8930
203259
114971
125115
51588
6790
10542
23143
127002
1388
5516
222166
387119
10129
991
51127
10985
60673
4739
9709
3908
7014
526
5878
55905
84851
2071
25873
57533
219541
7538
10253
6627
9879
10153
6258
23035
203
3169
5204
10755
6189
79096
10383
7846
994
83894
63027
23287
8497
10994
3611
94121
2054
1468
3654
51070
89874
10422
221120
57698
2104
9318
4513
6257
3581
5140
9785
90480
10318
54892
27072
55014
25901
1432
5801
8404
55177
2799
302
51719
1072
167691
149628
80781
8337
1329
9401
6929
79960
5230
55127
282809
84140
4331
11074
2260
6461
999
347733
51375
282991
10490
55705
23162
27229
9810
3148
2547
51061
8536
57118
221895
7090
2034
28231
7517
7984
79663
311
55040
8717
1453
5770
79839
3008
28958
10000
1027
1431
5437
9627
80777
617
55226
8763
10010
23438
90933
90273
57498
8091
57189
2355
3476
261726
9784
29104
55703
65005
7084
116254
79465
9743
53358
4750
5581
60312
7919
7163
7165
10640
163126
8887
729852
6314
58477
373509
57673
9521
286053
5705
56886
128308
8362
22981
10813
492311
4733
8805
7328
54206
10254
79959
7535
26191
1410
3726
10159
92736
8175
220988
7332
55144
79751
8379
64983
5933
22899
56652
7168
7022
222484
57449
373
6615
9147
92521
7260
10574
85409
7039
54443
989
55324
50813
1964
3872
10657
4690
498
192111
100874074
54726
246330
10084
3636
11315
2821
9425
3672
79947
116150
23647
9700
4794
51614
25880
5611
80198
90459
7884
55668
51726
55139
10539
85015
6294
1659
9349
55871
51105
7153
54939
54951
51013
23511
4302
1314
112724
3419
5052
170506
161742
23295
10615
284058
333929
4889
51378
4236
4926
27349
5087
51545
26298
2487
54532
5536
2768
5201
51744
84270
7041
132320
64770
2107
283349
23584
57650
89970
79866
5876
9975
9414
80760
25977
51194
1643
7507
203286
58497
4830
6185
10109
11113
11073
26973
84661
7150
27238
64837
8681
85363
51574
9918
55197
65990
10973
50937
11338
51264
54984
23334
8936
84062
10787
6152
3735
112268148
56648
5777
6752
5304
221937
9451
65056
10445
143884
10146
79718
50804
64841
56897
29761
1911
9328
112495
2771
105369632
7265
55662
5546
38
55120
199990
10868
7247
5710
3093
6048
56931
84866
64969
64151
3782
23186
871
5690
5683
64145
581
115426
80321
25959
55421
126961
6477
857
2042
805
29115
8648
5872
1525
5111
5292
27115
200081
6432
1212
90864
8099
8576
1312
28981
80817
1478
155465
6204
51324
91647
7251
90678
79656
3954
23492
3398
808
6647
5420
57466
10969
26122
9169
375056
55311
86
8295
135228
3965
124801
5178
6256
9372
23410
65008
219927
3009
6632
51806
10213
10514
253461
8504
55670
81844
152006
55128
5884
51692
23288
6125
6390
127733
254427
51548
25956
6303
7001
1182
55274
2784
9628
4678
7818
6293
140707
54998
790
7164
4893
2770
50809
4528
64963
11284
83858
5689
8894
84186
10094
5432
57117
84134
4905
5795
8764
3742
3699
283431
57534
2289
51435
1785
8449
8892
5906
8794
23558
6653
284654
7317
9911
10138
63035
23085
3551
93627
2197
54765
5090
5935
9935
8402
57787
139716
10098
205428
2959
27095
122553
7589
84307
55742
115908
57798
5693
11065
23335
23312
7128
81858
84516
54785
55118
358
9948
57488
84790
5603
7205
9883
91252
53826
55142
10397
25895
51561
9908
55300
10534
64853
10412
3489
55966
4695
2872
8861
79871
92421
71
3092
5195
5915
1457
63932
26269
65080
5297
8031
115752
26058
5156
23649
9706
29068
65059
8971
55699
5303
9972
2962
7268
11179
5579
9610
10614
80205
57639
57506
3310
80700
79058
57465
1874
1727
3661
2923
10466
91949
23770
9861
23204
10058
3191
5528
5531
5064
57228
10336
8500
23271
2299
55062
3183
2926
25936
6786
59271
2737
7270
6426
51676
5361
2017
644
51082
91039
651
3921
1828
10898
2898
83787
6429
64968
60561
8405
55114
23164
154
118881
3251
7263
23367
147872
54996
728642
90993
221
23780
574406
10487
191
5226
153642
55715
4629
2956
3364
23144
119392
9256
22881
284001
57169
5336
7417
29078
51079
8481
79664
5787
79084
8932
9112
3866
29979
140738
53615
115353
6227
85439
8318
538
53335
7025
6383
55299
3880
56478
2081
10398
27086
57192
5727
3852
673
7398
810
9101
64854
10671
2948
4779
171024
91057
11159
400
55506
5713
5861
3007
10130
22930
57403
9781
10902
5519
9469
10023
79924
55729
22974
10735
84131
6712
10497
6624
29763
11196
55133
84132
54936
3939
1278
27246
55819
84572
740
9702
23005
55578
6881
8125
9373
3840
222255
9040
6210
11224
6737
1827
8742
4487
60491
79780
10248
9929
259
8503
65264
1738
6777
10381
80143
124751
23787
4209
6502
64761
1810
6885
144108
7936
51073
115416
2067
79886
202559
284403
22913
4300
51280
28955
1933
29997
4205
152789
2550
23281
55958
815
2539
94134
55066
10464
7409
222584
80149
3156
79724
54955
5478
57634
6193
10726
143689
81603
84656
29843
10189
2066
221188
4693
79791
221927
7841
9555
23673
5092
7798
4643
23586
90627
54606
79797
1676
387680
221613
64802
4735
10844
51027
81789
126626
2495
29844
23582
6453
83931
9361
5481
3892
4804
51283
56006
3297
65975
135293
80013
22828
134492
9150
10001
910
100506658
55850
6723
8666
51503
10928
4637
64783
55327
221749
1973
84262
6050
5347
389
259266
10616
6093
1455
53944
23344
10954
23753
7158
8881
9354
10845
89890
3659
60488
28977
221037
23304
54623
10293
22888
84908
50628
275
7485
83605
55116
3597
5467
9588
6722
8678
84305
125488
65095
8543
6230
10600
8340
26751
79720
51138
51514
23074
6497
1912
80705
85302
23111
257397
54820
7903
5538
5162
79728
6194
5965
8241
9618
7551
132660
7272
10579
56256
2323
3021
26353
253980
10495
55740
322
900
2273
5094
5724
4287
84247
9786
140885
6468
24140
10712
2109
51257
29108
3712
10645
4673
27159
84343
1355
29957
9337
51631
63874
4212
8214
23392
9197
55924
26575
125058
26001
65979
57662
10653
8813
23632
27034
657
5321
84733
3396
5479
83548
64839
65986
10208
64062
9533
79088
92799
56121
6747
64795
84549
8898
201292
605
51400
8531
10300
129880
54585
339366
2512
1327
1629
6942
9928
87
7155
81892
57470
8658
84669
10913
159090
5429
8087
27075
5037
51474
826
2783
23157
55752
23644
11186
3397
5442
90624
22848
2720
9738
80185
65094
79616
25809
23759
79670
5099
220965
23532
8533
51253
154810
84128
22870
5709
5580
57546
1020
4636
1829
58191
57519
11129
5216
9412
51141
54828
65082
78995
1211
4683
7518
140685
57532
157769
7586
7579
27339
5871
8204
23329
5814
2648
4602
9526
54414
8828
10456
83734
3563
84962
6095
121536
9644
5563
84364
93974
11193
2191
1762
51263
1952
202051
6431
3304
3655
58509
1788
10379
8487
79833
483
9415
10957
6623
515
30008
116028
80010
140710
55086
202
117246
84946
4731
219738
163183
51008
9871
125950
84254
29093
10573
9486
23450
753
79682
23268
529
10489
23155
54870
1665
8623
10629
79037
11104
4722
3073
55559
56339
29890
5898
23032
8357
9857
3069
29916
3843
10749
6092
3667
4291
5339
23729
26286
6135
10938
10672
338657
6301
27291
7110
5045
55690
7297
5315
9135
55651
6625
56957
4074
26088
6218
51693
5825
1315
51441
54477
55759
23246
5214
7290
80273
64375
27156
9670
51430
81875
3265
5127
26284
8260
117178
8050
93655
5422
9134
6136
51107
55851
6142
9945
23063
3512
102723728
4664
8455
22803
51510
1666
9652
22950
51807
64431
25825
25791
29948
64708
54386
4082
9166
57617
1660
9126
2909
7277
163
7813
122769
27031
4867
5316
79842
334
3708
9478
10607
2733
4952
3104
107080638
26135
5566
80346
78992
157638
9025
4222
2629
79641
5091
7334
79036
23265
23491
10972
4601
4149
57606
8458
79038
6878
6416
4077
51661
874
54107
604
200576
9724
84321
440275
5939
23613
11072
5431
27350
11021
525
7337
23741
23203
1967
81607
153129
8349
7358
9815
9853
3978
6917
5287
3586
1909
10181
8895
6009
5147
23523
8520
403
23481
5663
117177
5155
25855
5834
4908
56052
26128
891
91801
83590
6877
6128
148223
7681
5966
22984
11183
995
114
8613
405
5268
3798
26086
3991
5346
10627
59348
7525
81669
5042
56935
51512
283229
79944
5655
55229
145389
55666
8445
55365
400793
9077
10421
2841
687
55125
92597
4194
10240
64965
90102
374654
9894
81839
9182
222643
57647
51069
9321
7353
84939
9939
8480
11100
4298
151011
126375
27245
9846
4289
6728
26528
51397
5932
10771
83640
5557
22826
84078
5298
10045
8626
55968
4097
51004
196527
114034
8795
51529
56851
80764
10438
25989
11316
22820
56267
54930
115106
219
5394
3020
8239
225689
8912
2965
10211
5480
2735
23195
113263
54902
65109
5537
55233
5723
51479
81671
8364
6176
84172
10857
29088
23560
840
9203
223
28992
55553
9320
100287932
9694
23
374383
6400
64928
2975
3486
5532
80011
55285
7572
2339
8073
5423
7508
54954
163033
54462
2631
51112
7280
116541
140739
123879
1326
6188
3416
22985
29882
111089941
23137
55210
51399
286077
132
81887
221786
1606
3015
9093
28956
8343
6945
57674
5902
148022
3017
9441
10468
65265
1997
6659
725
11258
7597
2214
4704
4729
239
151050
7791
55361
5608
8915
7737
59269
60485
1965
8653
63978
79991
10933
9559
5160
91833
5867
79874
158234
9184
10121
60496
9778
9261
286826
3784
5600
64223
55615
119391
26509
6642
2149
11277
27037
55914
3691
5576
11030
699
55012
5601
80762
1495
51633
9175
51386
5883
9863
25805
90
84461
9897
340277
6643
22982
30827
9325
85236
55653
1384
10762
51334
1975
83606
5165
79840
151636
116328
140460
9727
6196
6091
348995
9632
5698
5096
27287
1265
1266
10788
22934
79589
22880
257160
64147
140838
84942
5550
55276
11218
23369
92400
6891
4931
5567
6282
9921
3815
89796
23493
2976
10992
124944
55163
151188
29899
800
5583
339487
2897
832
23119
100505585
26578
1512
4076
323
79090
8767
55702
9183
3656
8880
4306
3306
83743
9459
51635
3155
9391
78989
9813
51650
5236
823
64098
80755
55174
26173
205327
9968
9557
126075
55750
158067
28998
5694
80301
6183
54737
1500
204
1439
4841
4267
4998
353322
55323
65268
7182
55181
1838
8573
51121
90780
829
23608
143903
5971
7386
54940
5784
4486
4350
7095
89910
124540
159195
573
79576
10113
2553
2551
29982
10884
6169
10163
131566
10509
23534
64978
23313
6888
4084
7204
79039
9804
9114
2589
51292
2766
23244
5911
9934
7107
7494
23384
79753
9658
4048
57461
25828
10270
138151
3836
4714
84263
6654
10589
9686
1102
10437
1104
285440
4807
80014
29907
359948
25797
1155
4430
100506403
11221
9577
4929
6154
11143
145173
54995
56342
7879
84303
3431
22794
79171
9392
396
26610
80349
9734
11009
221935
51318
51596
6522
2697
2068
51495
9570
9111
80150
4594
134266
57326
84271
29085
3783
9367
28984
10006
26145
494115
54958
54873
23097
56654
3915
55147
51028
55291
1164
55284
79443
80323
10228
84231
5356
80012
3300
5097
54531
79711
51808
221504
387263
23019
84875
8916
10651
5469
7422
1264
28976
23060
84928
1978
57684
2677
63920
81559
9779
145282
2787
9623
55930
56252
92609
23274
49856
2896
862
7082
57530
84233
51388
55035
26057
219654
6612
6430
135892
56906
4676
10165
54507
129685
8315
81873
56922
23464
29937
140606
200894
4862
23046
5631
126789
55728
283537
23190
57805
333932
8888
723790
7004
2672
22878
1969
1942
3984
3108
4361
6742
84294
57418
23592
476
128312
25906
25847
55661
6237
84154
80306
84707
5985
473
8906
8317
271
4145
199692
1397
22900
6206
55607
254170
6910
51341
7678
10914
83539
6811
23142
11034
54708
51024
55840
9527
57551
1509
8874
9252
51132
10226
7458
84869
7923
128710
10073
9061
2356
23167
10040
79137
23322
9158
6143
4946
114823
120224
11160
23001
6195
587
3985
7295
10628
320
1317
64428
57380
56888
64793
10935
3090
1070
2059
8976
147179
27429
134359
22862
26292
57554
4835
2967
10656
63971
51122
55697
100528020
5706
6158
54948
51296
9647
1649
23091
147687
94104
51319
100101267
4775
4718
26512
64801
200933
20
84079
9616
150771
3665
10603
28987
10059
6455
55920
152877
55432
9667
1523
51755
22885
467
56683
54764
51268
6510
55037
27335
11342
6776
8986
5496
79004
4255
83719
11052
112840
9306
59345
7385
4661
10730
64400
329
3790
145508
55863
9052
11276
10602
9232
5523
990
6499
51116
10054
84752
23350
8233
83871
51195
5781
145553
10207
81691
4582
10728
56998
10019
4521
5378
79705
26094
6730
57819
55612
64778
2954
51290
64129
231
84256
54882
10612
5033
10062
64777
116071
51552
9839
22800
54923
898
54927
873
11107
55288
5934
7027
9595
3434
57381
728689
347734
5048
140691
9682
8554
2263
2255
1540
55072
10291
26999
91272
196513
8273
55278
7171
942
57215
23047
10274
51076
25929
8773
57592
55505
5434
23348
339287
219972
51603
10106
56946
9324
131578
6133
3646
8473
151648
23179
5792
1958
23336
10096
90522
80816
2181
10195
54893
50814
6181
4026
9382
6934
79843
54906
92840
6670
51002
84296
9878
64760
79659
25822
10461
663
80184
3727
3983
23530
25934
4849
65220
578
84324
7750
64216
26147
5796
1843
11152
9753
156
55970
192666
8692
5445
23414
51667
1737
27005
60626
27250
7918
10801
84988
11054
404672
128178
8829
8394
2802
90427
6399
8816
64927
9344
64426
4001
64241
64798
1337
57600
201163
4152
4605
57111
6996
25930
55164
585
55859
2332
5641
64123
8673
56302
78991
11235
10025
55341
554
114897
51586
116841
1479
51300
25962
8890
7167
85461
9726
23225
25939
222194
8625
5730
3182
51655
3295
57136
1646
8644
28989
10847
57185
5095
104
84775
84886
51491
5438
2870
4616
5427
158427
55917
166647
6259
51567
29028
4860
5660
10471
835
84617
253769
55593
3150
9898
2669
80305
4831
79983
10769
11102
5917
23630
1947
5977
6832
92335
586
9380
3238
5074
57474
4160
56246
144811
1981
79893
24142
3987
8027
23071
54487
1716
64786
3163
201595
11080
24149
56984
90121
134218
26985
79002
56905
55254
8893
9519
51205
51056
2762
5082
57591
22795
3339
4833
27332
55016
8721
440574
7402
79081
374393
9368
27342
660
6609
307
4783
27173
27065
267004
5577
54869
79868
5982
122953
23092
54859
140901
178
5495
1022
9685
23174
23564
11078
64864
5701
1840
1906
84289
27297
54888
8886
387921
51451
92715
6767
200879
10626
284194
7486
23786
79089
64146
9637
522
11340
10085
5510
5529
6156
51700
64395
122786
84218
29888
80262
6890
837
83700
55823
56943
90411
55737
112936
34
23309
8339
29101
6337
92105
8078
3006
51260
9213
7074
116039
79834
3418
11103
4189
11135
5054
5328
27240
29074
55718
8574
4162
11228
8338
92259
60686
56675
1198
25900
9744
2108
5612
10314
132720
80347
84619
10773
27303
91
3625
8792
54941
55502
55152
4238
10198
8505
6932
4665
2139
2781
8776
10613
272
84717
10480
2747
26092
81624
51517
9666
2246
2889
79077
54629
5271
3635
51382
126820
83694
26750
5089
8991
55031
54863
839
51433
411
146206
79837
23163
284996
79583
55353
5159
79624
10069
25865
51335
3688
51129
80006
84260
89122
85021
10923
9221
80829
56993
8323
955
114883
94241
57143
5318
23139
57181
57715
9943
11213
51135
81567
2264
7086
8344
340359
64757
7407
29109
11165
9722
51365
51155
389840
115939
64083
5916
2037
4615
55869
29855
1861
151903
9675
6234
10981
2224
644150
84061
51363
8660
4124
79643
6500
55625
4007
283899
9718
308
5899
23247
79188
84273
4520
8891
92140
23276
55833
9520
10577
118924
10283
114825
5929
5154
10906
7476
9421
10011
55763
5810
2237
6738
120534
7581
4617
64284
7469
51144
55207
9491
55340
645
2212
2960
83732
3376
51520
27348
55758
9457
83667
23051
286148
26521
80864
55345
91369
50488
1678
643853
10190
56474
6641
9997
25909
10170
84197
10758
3094
22931
103
51465
8615
3035
10558
23597
9797
5211
9665
87178
55701
23358
65117
3679
55119
57492
51429
55004
57205
9695
819
54205
131965
23640
80342
7552
3216
10256
10452
4907
2950
6184
8997
10362
23645
51188
26084
5144
9276
5213
1891
2187
55529
23187
51639
9246
684
57587
64423
340419
197335
26060
146223
56895
221830
1725
27309
2021
55907
64924
79608
9904
54776
84991
57088
83992
92002
3206
2963
7755
3097
26505
2182
54938
56926
6594
284677
27
91582
79026
81537
29935
79590
83692
5605
55143
5058
92181
125476
5699
3115
79027
1819
55714
26119
539
7374
4920
4123
9990
100379661
10802
10294
8863
8864
375686
1121
55167
7832
283489
347735
138199
843
10929
84056
144097
4200
3927
93323
10667
201475
10746
81556
9015
55764
57505
6191
667
253512
2706
144402
79109
5880
63908
64746
22937
57405
10330
5891
1124
55536
22
79873
54875
201164
89797
6203
10286
57594
11128
1069
85456
96626
4726
4725
399
8498
1174
9933
81876
197131
10042
3111
8195
5720
55684
53918
27129
7570
23762
51599
6820
51239
23192
23303
202018
51317
3993
107080644
84920
23152
29072
3036
22853
10200
54542
10947
51304
7403
53407
81786
2195
26953
400506
129303
5753
9825
54758
26515
26519
23172
3012
221184
23168
79228
54978
344558
10123
4144
10695
57190
11016
5524
60592
9464
83879
8436
57703
27128
6621
65983
91603
4253
55696
81572
55333
55007
84058
128989
9295
27018
7511
89857
6835
6489
2002
3067
23094
7566
130502
55132
10450
55039
1277
51074
5870
10664
23307
201627
10781
1634
22856
6251
23002
9525
84936
7444
5609
157285
25940
197257
1345
80256
1375
9524
283237
79754
51622
143570
92922
221443
78988
9789
23394
127703
3920
50808
200205
57670
2152
27102
162239
30833
10095
79080
81846
91544
22872
57544
79102
79441
63979
9455
4488
79075
984
2643
84317
1793
114799
90550
116115
6238
3841
55795
2934
54552
3861
8609
8820
5352
57679
8270
11329
4128
6874
11017
90441
399664
3693
653333
11252
9185
55346
80344
79003
66008
84498
55768
100128966
26061
116225
9792
7443
134553
1628
567
79989
1677
3233
389541
8514
10066
262
5549
51642
114879
10526
5927
85444
55017
163882
64397
118812
55156
10295
2494
149986
5738
3925
7098
9442
10723
5786
55671
2791
80007
26136
5425
158038
7905
100423062
1662
440145
55781
79735
4839
83873
59341
80227
203054
54808
9124
6924
27254
55425
80223
259217
10865
3200
57708
5533
23387
25937
27300
23607
154214
64759
116985
57559
10008
10299
11222
4070
4041
8325
8731
11157
10427
7786
79767
375790
54932
7148
4085
56882
5189
6242
2705
9208
9172
90231
51691
25804
284297
3660
22821
51367
80153
9517
51455
58491
26504
55182
11231
23224
8703
1362
26574
6452
513
9937
4796
161
7709
9889
23269
54929
8220
100874369
85359
9352
79085
4647
94274
5587
92255
92610
4698
79029
149371
79629
252983
151987
25796
10564
54887
10570
57096
55825
4009
153769
84699
7089
9886
200424
64425
51389
80818
6433
29984
119504
9692
26275
6558
26031
183
3122
27122
10641
84330
144501
7064
81617
23211
203328
55092
80308
91662
84749
6883
9794
23500
6277
7454
494470
25957
2123
10550
285527
7866
79598
11319
56987
166968
4864
84333
9516
79725
9824
116151
1105
9704
84319
57484
9563
51021
7784
90161
128869
1745
65083
116540
9333
79714
9133
29123
51096
6651
51011
5589
7298
6236
1186
8870
10269
2205
139596
54963
83594
8079
26589
1749
6834
84987
84295
135112
10606
23509
11285
56341
90806
54845
2050
51478
1841
147923
208
4913
2073
353
7873
441549
7216
64787
4035
3739
5170
54732
30811
25915
130617
23008
27445
9267
55269
29952
5267
64127
54806
537
3029
8836
3226
25948
402
255426
1787
56925
7220
124995
283638
23258
5098
80381
6493
80830
5527
101060376
64319
9585
81611
23042
5757
11334
81570
738
22858
91687
7057
1282
10252
8780
55854
6845
3696
4782
26098
2639
116840
79752
9180
55015
23654
27236
9689
286753
55352
165324
825
51371
64844
3675
30000
10
658
5836
8321
3482
950
50717
7043
54520
23646
7468
23580
54059
7253
54899
25926
54584
51657
9370
54700
80023
11187
54851
10750
55234
29941
26108
54663
81542
23023
5998
4753
5514
5979
219333
257218
23479
9739
6141
3177
10307
55198
154091
84844
9375
55219
116461
27292
150274
10005
27152
81855
167227
2982
27248
85457
7812
53339
283078
25897
79796
5993
81609
10311
113251
10849
56000
64792
7770
157657
1984
6239
129446
2131
9816
1968
96459
84310
1857
64975
26036
100289678
4702
8996
285190
26024
54762
7433
2036
146439
10531
51449
22902
80233
948
9514
6672
55766
23016
8897
2137
146057
8332
83481
84674
342945
414919
51187
84220
10039
653604
9546
3612
1289
91452
55006
58484
51203
5547
27285
9317
8358
79621
8797
4857
9604
6876
9054
171568
1062
23286
54780
197370
6389
27443
5073
9205
80824
9209
11326
9465
9687
2997
26167
404734
27158
5910
439
64207
26227
25904
6810
3842
54788
56913
6309
10611
27243
6935
23293
1003
10922
219771
2239
2117
11079
1763
8464
54145
51101
8877
6368
80207
79739
28986
3033
11117
3977
3976
5307
11333
8165
6689
3267
51204
8933
22894
23609
89891
25824
55253
4534
64412
57179
22926
337879
58506
4179
5291
29086
5134
9235
11273
52
51460
57552
84937
3118
22929
5471
92359
10449
51569
26225
29954
2736
55137
1979
2247
55975
3619
11097
65993
833
8744
56992
139231
1615
84930
79650
5819
79811
57631
2584
64149
1001
23053
222008
80228
5476
81792
3098
54913
81831
55111
8313
4012
9950
4638
26271
23210
83475
26157
5989
9965
10410
94240
92815
113201
563
9690
3142
3741
6263
23133
55135
84245
79622
284040
84083
182
6505
83547
9079
79133
8346
9107
84952
4150
12
27089
84838
9841
84152
26097
79863
4707
201626
23423
55683
1054
51605
10360
2803
22980
79596
8019
51114
10533
84643
160428
79586
23176
140459
9351
26093
54949
10279
201161
3018
727851
9828
91782
64976
23474
6046
29959
22920
5774
79169
10101
50999
50640
55676
4249
51185
254887
4043
55218
57609
10848
10312
23683
55787
5806
10584
5606
51014
23328
146956
155435
84284
147700
4478
1471
84265
11212
53616
64110
4294
4651
51202
22841
9039
29925
7584
126299
59343
254531
128239
54734
4809
51329
8672
143425
26290
29904
6103
51291
2053
1622
10775
9255
89927
27241
4059
51015
374882
51164
58189
4645
782
6769
23396
55847
6745
3217
65108
84313
23596
139818
57489
771
23587
157773
29087
51019
89953
8743
388115
285966
23368
55695
9475
55209
84547
283578
79990
50810
7408
91746
84287
64943
5763
23426
129285
29781
22884
55074
55738
5338
63915
22875
10463
80222
29760
9397
23522
26140
23126
23623
5627
152185
2660
126070
646817
10478
23080
91748
9462
9989
4677
30001
114757
689
23095
1376
1545
1645
3703
63894
29126
79807
54680
6892
55531
80155
92745
19
23515
5355
5950
51466
81557
9578
117584
10475
644815
80232
55347
79142
37
201798
55083
23231
55604
116092
9538
10636
6792
64434
49855
2827
123688
6838
84668
51103
10212
3913
2029
64782
284273
55711
79902
55033
93649
8799
342977
9409
83696
11041
4040
57128
2719
128077
2049
9823
54677
4850
1292
57704
1464
349667
27179
85459
5167
1075
25800
10491
9223
109
8456
7077
7078
10560
259173
120
3052
58526
1901
114991
9556
8502
387882
64377
83591
64222
92092
729540
255758
64399
6469
2005
80004
54894
1163
842
977
23495
8555
57107
81532
51142
8425
55858
23131
64135
2322
63982
51258
729
6253
79086
10609
114898
11188
56655
23294
10552
27032
755
966
130507
8527
8187
51571
55172
51246
55082
26018
64949
79581
56941
7006
490
8550
220972
27143
9479
6631
7296
23024
84293
51735
10905
10522
51526
85378
84914
2548
972
23325
5364
51760
9086
6575
83478
56126
79091
56980
3710
6695
28982
55023
57659
5256
8131
10670
7629
90594
110354863
2242
402055
57572
51379
23233
54816
3833
55633
27166
780
440193
65110
113174
4122
7702
55337
54476
54106
80317
401505
80237
54461
51575
197322
9648
3291
6591
51380
10794
1605
9360
64779
29062
23253
9353
7775
2752
283742
6731
2983
8545
54973
2235
8720
5937
1477
10855
57515
9840
91543
9170
5742
5194
905
59352
3601
8896
113
286451
65260
54344
79832
23637
23215
204851
342132
27079
10063
131474
1515
60490
55245
23424
57180
84133
81575
56999
1730
240
84275
10999
28957
1603
10644
1950
10979
90488
8995
8784
3855
55466
84340
10476
253827
23301
348174
30968
6347
56034
102157402
3697
6894
100287171
6000
23788
148423
51182
10436
517
55906
56241
3071
321
134147
2122
8330
2820
80216
51078
55793
489
2767
11083
112849
25917
128061
253635
6016
2039
83637
54994
11267
6943
1340
79847
10465
81576
6096
25879
26040
8741
9536
5540
64806
56948
51506
7840
162963
201931
79745
5831
9847
171017
79572
2119
57407
252884
57447
195827
521
6484
55454
3752
445582
56521
8801
6814
8740
54583
593
57132
90338
6662
5293
55080
10939
55028
80213
144233
1892
51309
85476
54801
54431
23065
83660
5289
53938
5778
161882
149603
10945
4810
4710
51278
10435
10569
1269
23671
8263
60678
23704
4924
127281
14
56681
6833
11069
471
57648
11101
54946
360023
56605
56994
57649
4512
55876
64320
54793
1436
51496
8775
399909
25950
8518
80173
5874
84232
9509
32
22863
3945
25820
80724
2072
168544
23113
23213
55217
9891
5509
51128
64224
3202
9858
56204
219743
10982
5179
57573
11266
23595
114882
3755
9026
124152
10135
57486
29967
23299
51108
2244
5740
284361
8869
101059938
92399
54878
5326
6988
11162
5863
9755
51507
55624
23670
57616
23567
5696
285195
688
79180
4485
105
8854
55732
152330
27069
51250
23078
10451
91875
54101
25766
89781
3257
121457
79095
11169
4650
23108
10950
78986
91304
11146
11138
7049
4795
27077
7174
51226
4801
9927
54977
28962
2632
622
222950
4756
55739
23262
84196
130940
60314
760
54478
26012
4598
6192
23568
51115
23389
91947
100527964
130399
8303
121227
2671
254359
3704
54566
831
114803
10767
60481
5345
84376
100134934
80019
80025
84100
51031
79789
60682
64784
50626
11132
9811
26054
333926
57018
80017
126308
147040
10927
126326
10668
56990
283248
26130
2444
64780
285590
2624
23185
93233
57057
11325
57613
594
23240
10782
4356
54883
64219
81579
22915
55238
1181
27230
6338
654483
81794
83448
60313
28973
8732
51172
3350
729857
10978
10290
91612
84335
57685
159
5791
79585
10983
93129
79987
23548
133746
56986
6425
3099
92342
80128
9741
4781
26115
100885850
56005
374659
10092
23029
55565
155368
139341
54862
11031
23376
159091
79415
55216
27020
2045
3998
6451
4669
29922
4644
25888
55808
9553
27347
10180
5569
54480
23264
121274
84219
8602
84057
6787
150472
55296
9296
55068
7351
54969
57721
1263
84938
5743
27253
6342
4017
7745
5190
3227
26228
253725
1998
30851
28960
51752
55293
51759
83473
51231
339745
29969
83939
29094
80176
91624
65258
84069
268
63924
5780
6231
9132
414236
26017
100528062
81034
651746
3685
9677
56884
26071
3916
7225
6168
3241
23408
5176
866
81553
140775
79817
10537
9201
55720
148327
124245
8630
83940
10943
169714
5121
345778
692312
51247
125061
81848
2764
2760
387032
55888
27134
3714
54962
116143
58486
79879
64756
55359
11108
254827
27175
6897
91522
146909
6328
25778
65244
3759
4595
23505
51763
51560
51531
55344
92595
57455
9311
63935
9976
94030
80021
375757
57146
126074
125150
80312
10020
81533
7690
148932
56911
6574
10402
18
7764
376267
51081
9545
23061
103910
64410
10056
79594
51454
8227
29789
55707
55471
375033
6751
55973
55320
79158
9136
23545
317762
150275
221150
79042
283989
408050
400569
80018
1728
8341
25890
23370
57701
114822
84126
5264
56929
55794
5734
80746
23138
168090
9603
7021
26230
114790
8331
54756
51154
55681
261729
112609
29998
27022
9139
8490
6863
6865
23196
79087
81544
64764
2675
2734
10548
10507
51347
254773
2651
10447
26034
9266
84280
91689
2241
50484
90580
266743
26959
8209
54468
10885
126393
2262
54704
4337
10206
25994
27237
115201
64327
5890
4094
1635
55620
83990
25829
23589
9798
5534
54505
51230
57050
26137
51106
11189
23158
54874
9758
23353
55573
221960
9772
55669
54812
90990
10479
55501
8406
1820
11178
23127
10565
111
6560
29934
9493
55289
10428
359845
140461
51809
112752
119710
78987
1781
112574
7544
55687
3909
8821
440093
196294
64429
51134
401541
54014
11093
2157
55322
11214
57728
10420
219844
116362
7347
26577
84450
59307
84641
29
114836
83443
6470
6001
9684
10766
4715
23556
8495
344787
51727
84926
55214
148266
2098
51742
158747
203228
83861
29803
125988
54681
55667
6683
54539
57507
65124
51196
4938
84684
390
9973
201134
10166
79607
79736
8808
221044
2590
201158
55205
57476
84259
2946
10443
150094
3417
7355
10541
9830
8086
79696
127544
9833
22911
79726
79178
55251
152926
79442
85395
3491
79066
55909
6821
6608
678
1949
93986
92667
136306
79872
316
63929
8034
7881
94122
493
54974
85415
29070
79892
27042
3382
80331
5125
2987
25941
22936
25853
10079
4323
27109
30844
2048
142940
63892
23378
28969
51157
90203
1944
63916
11064
9905
116442
121260
90417
175
9985
114876
1983
27090
79858
9736
8336
221078
5900
8914
29951
2000
404281
6284
84449
8814
51131
8438
6339
23395
754
10137
51244
79074
123355
144100
7763
124454
132158
126382
116987
83874
5817
23038
8853
8416
1200
57658
63826
7718
91607
221079
23506
55915
256586
64710
5193
7326
8883
4925
89958
134353
84448
3632
27293
51504
283933
84618
389203
6715
101
55201
163087
1456
3151
124583
118487
63970
4246
81606
51088
57211
288
79719
222068
1238
6358
55084
84864
284656
197320
7707
3889
22797
493856
55677
154791
51699
54956
3566
123169
128338
64744
79400
8634
10903
8411
23011
55248
3709
865
30846
5372
79165
57463
9542
10072
6442
4967
59338
25979
124808
64599
10335
22822
3757
84189
57161
11194
129804
9807
168451
55250
55757
56892
220108
57678
64418
2717
57511
283385
114327
21
6992
92
84954
1889
199746
148103
340719
339501
54799
9091
5277
7348
93624
4580
55954
143279
7556
84811
124565
54826
284325
115294
4696
6548
79672
5284
64838
90861
57099
10367
72
221692
23256
57456
7991
4915
7259
9581
6533
26037
149041
4514
5715
55227
387856
9569
79776
55621
147991
54475
79648
90324
266812
51493
80345
3338
151195
26235
60468
257364
65250
8882
8509
60401
4535
4712
2121
64114
6905
55777
64857
53831
79073
9034
170384
89882
203547
254065
9088
79956
252839
11226
84251
83786
51248
340348
22882
165055
9562
55374
29090
81554
64834
50650
8546
84524
8969
79730
51200
22865
54903
9896
134510
116113
10810
540
7746
8345
5027
146712
84221
54795
285203
54809
9619
8434
57700
7145
3357
57130
83641
80775
23102
84934
63934
115098
8844
7432
79573
121053
11238
29970
4519
57007
6302
121642
79669
11147
84911
8559
11261
129049
5305
84896
5142
79635
6100
55629
9244
7564
90007
80063
9445
80895
55224
4338
115560
55435
9125
254013
55175
84881
2936
84899
8643
9748
90268
143098
51075
100137047
27304
2277
29915
7621
8942
55013
116447
64432
58492
23151
54496
81605
5333
55503
25852
10807
4649
3732
9528
51706
23354
347862
249
10555
9019
836
6422
201965
91442
11044
55157
23230
9550
3460
29057
410
2588
101927446
143
122481
54332
114769
285672
79993
10287
360
375593
9712
84629
55577
53353
5168
51042
57645
64089
8348
1723
51209
27113
10780
143879
64282
347902
5923
6397
55773
56479
51118
79896
51690
6782
8970
57523
686
341640
285605
55326
79798
51477
66005
130916
221545
493753
8369
79825
3658
57568
79633
115704
9887
115
84705
1611
84951
57553
1316
25864
57560
64407
6448
55852
126433
6341
10469
10440
3764
11014
55846
144577
3454
81888
858
79676
64856
26998
6120
5283
57038
57217
54920
91010
9653
55256
91523
7837
901
84067
2622
9917
5639
9377
1112
283212
5526
84193
55608
9842
8612
126133
22859
8842
9832
28971
150209
161003
90135
7922
5008
80097
114791
64895
79763
25921
6668
30815
143686
342667
58513
23259
79034
163486
23093
79912
51
388650
8934
284119
139285
55295
10196
79794
2949
51251
7029
1522
23373
5818
987
118987
55746
151393
79230
51181
5019
3013
3425
5174
57175
2774
157313
25973
23420
5362
10908
56995
26005
84159
8872
4071
57496
5447
2794
7625
5253
79078
79019
135644
8974
4883
4880
85463
54436
3363
79709
440026
23149
7633
1106
28965
91368
2016
23086
653784
25983
55329
152579
1284
8879
3898
225
54986
144404
54149
127255
151473
401447
91147
83549
54466
7978
83988
54928
23052
9123
166824
2826
22904
219988
3034
3633
8556
50632
9144
8624
440087
3421
1850
6729
2729
97
8839
6652
57097
6300
392465
200014
389114
23070
113026
84299
60370
128
79183
84912
154075
10302
166785
23678
8632
84138
55614
57148
8310
54997
55297
51023
4943
79671
23072
51651
4247
23516
25902
55330
9640
26297
10563
64097
4126
105372824
259282
79778
112970
127428
63897
3213
54469
3552
25996
767558
64743
64374
9399
8871
3475
10380
29066
126003
10806
57125
139324
79600
8399
26586
2004
79092
90987
23214
2683
55890
883
81577
2180
1138
89932
64897
160418
221154
60343
10678
51271
112
790955
54790
54328
23241
28951
347240
50862
23261
1351
80325
54495
7461
57480
6170
55095
51611
84441
7504
1802
91319
123803
55286
8859
146050
6487
84542
4285
85443
23082
147463
84514
58488
79156
51125
80725
285598
1353
10424
129450
83440
26205
55568
25813
197258
5636
91942
10083
64072
83638
84968
199870
79943
6536
5858
9069
92344
7166
57688
285172
10654
9949
85313
23598
11153
26470
83658
1366
29100
22883
55959
1774
362
6539
29994
7554
5947
23277
79642
79706
51218
54665
54802
79692
55280
7862
55034
10217
5164
152137
474384
196483
2653
7568
7172
51582
55680
29880
55656
30850
2271
121391
79613
152503
221496
84836
2491
4916
116159
51099
51734
84188
5330
2582
139322
148789
91574
1066
124401
55051
51206
6990
11177
133619
9650
6388
4129
23059
57162
5464
29980
80127
65982
2535
7389
9766
4325
5279
219348
55591
10493
1393
153443
54822
220213
51090
29083
10322
83596
55049
22906
25841
23705
10280
23473
56649
84923
162972
3224
55813
1632
8501
374986
10961
29071
285315
57563
146059
579
57337
51274
9851
8140
54541
88745
9683
9913
23616
55744
54830
79651
55071
51668
115362
374354
10007
54918
57001
9922
22864
152273
55622
55778
130557
53343
57575
284716
9258
29058
8642
54439
56978
2822
56850
134637
80199
79363
28954
9836
10391
10370
63939
23731
1140
1047
80856
2971
54497
27440
8646
51321
84318
29887
7748
10630
169611
2041
55486
4891
58157
90113
137695
4013
8654
143888
256281
25976
9630
1490
8702
51337
25851
4552
127495
445571
729991
2879
55748
84870
3695
10205
55101
375775
80111
8329
54961
11237
16
3422
112770
79661
25821
9874
255022
83595
3420
729830
119
9064
10090
113178
100861412
51119
84817
7733
203522
57336
51714
9697
196264
7799
113802
111240474
23254
25874
4881
118426
22839
51534
2876
54970
441478
91653
166929
23218
64800
83636
26507
132789
4314
25771
1465
200539
114294
10591
22995
130872
64061
152007
10144
9966
30845
10087
8745
1848
55349
283971
285489
4357
51646
58499
199731
6003
65987
54982
22852
653583
9617
84632
51110
10652
64283
79954
93343
5570
11322
84501
9122
10799
3340
1382
81545
79068
57536
9826
153364
64376
64131
51236
64118
1134
55544
157378
10201
84888
84874
90204
10717
64398
729359
157922
8754
57547
57605
10158
2627
83852
51634
23576
84795
400073
221908
8013
11197
79675
706
285180
8867
8675
29098
84885
64215
57479
3077
1429
8092
2252
51272
145482
1195
785
2819
84904
283643
113612
57478
54968
148137
79673
55727
10244
84680
9262
25963
343472
6541
283149
91050
64762
57664
636
1719
54676
51659
54858
11122
7349
1687
388962
9635
84301
54839
219931
199920
9855
114800
79777
10520
285282
345757
5348
814
9238
7692
1809
7105
4038
1365
79174
114785
79070
8544
79658
56122
26960
79856
167465
348110
346171
22843
11264
63931
343099
143872
51409
8506
158586
5229
163859
6518
57157
8690
8800
84451
83985
222235
199777
54482
64901
4254
28972
85379
126298
147948
55841
113444
85377
98
83756
80835
91056
9547
256471
6351
221806
7574
7705
7727
126669
79634
100505555
348235
79845
6553
5141
23658
5613
160760
84905
92370
51528
91807
84803
54981
84958
388701
23129
57213
339231
9699
431705
79064
27000
55188
6909
51124
130535
29886
79668
115861
64221
23708
154007
122704
1854
10553
54861
404093
4640
1233
58475
23417
8322
23593
7743
7553
79175
55572
79827
163081
9605
6903
9073
57222
388536
214
7122
7035
122809
25893
57045
57091
4121
113455421
23317
131118
51123
501
29901
8846
284992
151742
128674
155382
133957
54834
79644
90809
54510
83394
84243
137964
26585
55745
84947
10725
8729
9655
51012
29105
8435
79690
163050
9831
1644
8572
206358
10948
24139
126231
387755
2572
51339
80129
1609
79135
7760
9535
84240
2674
4976
2741
89795
64422
6171
51364
100532736
1537
392
84276
83857
1268
57105
57574
11018
83452
3775
5754
4509
7712
222658
2686
64288
54901
135114
5078
4713
440689
112479
8334
51111
25961
11142
283208
64427
79056
51163
28974
11158
55103
89848
10203
115209
91408
168002
1374
340371
154043
258010
84274
2990
346689
79829
27315
9583
8635
56181
128637
8803
201514
79660
79631
57404
57176
11022
140469
963
57446
22944
57713
57003
54555
2902
1371
2592
80271
7694
2941
1657
400818
22921
148534
54798
201255
23096
6713
55325
4752
1528
50
10157
1795
57665
337963
116224
2178
51523
346606
81563
55332
126208
25927
219402
8637
64220
4147
26099
2135
5596
116832
6665
57182
81566
9672
79884
124044
56951
5924
124359
55270
80183
10139
169841
56940
9760
4125
2395
83752
4250
1040
440138
100101467
148867
54853
56890
4257
84924
5999
10867
53373
375341
6051
9762
26520
140680
3354
25861
89801
197407
94097
55784
153562
126272
80332
64581
283871
23355
90799
80303
54960
6515
9941
100506736
1945
63951
23471
26022
10076
8760
5768
128240
1318
23012
53349
220869
147007
1804
11000
55628
64582
91300
63901
8395
6549
57556
10840
84302
23463
92211
2638
23551
3600
9639
3400
11232
11216
7162
55266
8694
10245
23555
92822
64766
794
137492
254251
5130
255394
2645
79083
123036
3931
121512
1946
100037417
163732
84858
128553
115004
55312
9721
9812
2619
57482
55179
84553
9988
22903
5007
85453
51715
317662
221322
90736
132884
1534
55848
26469
85007
6319
92170
155038
92935
55776
56910
9507
3352
339318
10741
84465
56889
90871
84696
55830
11112
5744
727866
51710
222
342926
144132
116496
83930
6041
7596
326625
112812
1939
84071
92017
80142
161823
23232
9130
79695
286205
10587
9540
25966
84681
9204
285193
79841
113730
2258
7434
2817
150709
9881
57186
3145
5269
55843
4072
58485
123263
1953
6405
5203
85406
286257
80206
55244
57590
23635
51601
113179
29985
51022
91074
80114
79053
51058
89978
91749
54947
80146
5428
341359
141
78996
375748
56603
220323
200523
57102
10825
64773
205
346157
64925
219736
6902
55002
54784
84144
55601
4953
80298
284086
113763
57696
22846
123228
56163
80315
199953
84626
6512
90321
83479
114659
730
221091
79140
22847
401548
10272
115286
157567
3751
80139
23207
135154
10261
7542
164091
51768
79969
55005
11118
11099
130340
146395
8479
375444
27085
10384
306
8802
27314
158135
210
7008
116986
54516
10400
7436
9381
375387
79800
57707
81558
84878
11230
64755
590
1593
51316
140612
84102
9537
285600
64342
132299
9837
339512
1131
79982
56676
761
100526740
55180
10965
80210
100130207
128434
79031
4440
3781
8659
401190
55552
389799
220
7699
57608
56954
64789
27286
55020
10308
3823
201562
55856
25759
15
10962
285313
253959
119559
79918
63917
2595
6376
8688
2745
83888
129080
29923
54857
91894
57577
151295
80110
84253
56063
84541
9925
124446
118813
4983
8809
29080
80309
284486
83716
2560
11145
166378
55351
284069
55151
57620
421
3001
387496
131076
80324
65977
203197
79828
10518
100272147
80267
55665
150365
89846
9765
56917
22999
1004
7627
6571
344148
1120
54993
55786
11167
641371
51228
7264
10874
22877
23306
79805
171586
55534
4821
169792
8460
56944
653489
6373
283337
7368
113220
3918
8398
1396
283807
89845
57677
55319
6387
57188
91433
140467
145483
348013
57333
84328
56255
83989
90952
2702
23228
7730
11219
29995
23761
10899
9501
10691
114885
55654
56912
9022
10631
122060
283927
729515
138428
60681
100131827
27153
65062
113675
51062
81025
79684
11309
1798
283234
56898
112611
84034
83849
157
63926
169200
64067
56947
91289
80851
79414
11343
4882
26207
84272
79591
89944
4345
117248
192286
22798
54985
113246
200030
55281
7716
10791
644019
23456
10371
221711
284352
85235
10350
7752
114905
84895
2531
221061
9215
55160
3955
122773
25799
140688
284323
5150
8459
55184
284697
29785
55760
171177
284611
112817
146542
84419
6248
9679
220042
4828
10327
10237
139599
5029
23171
83648
102724488
90835
9289
9880
9488
50487
132671
1812
51077
1489
123016
90956
79744
84614
57048
8427
254122
375743
56907
79647
91419
6920
2538
30820
254394
118788
654364
23527
4241
114784
7639
1185
55334
90637
222171
219899
22801
120425
84527
3762
388753
100132406
445328
1364
219854
83699
116064
7592
9746
54453
83937
115024
253152
7767
255027
83442
5875
114987
57514
4935
80255
36
4948
3574
83758
79949
9050
51728
55088
4939
57683
8120
54943
160857
27165
55055
57614
154467
474344
134728
881
84693
89782
123811
151313
165215
133686
51804
84889
55196
353274
147912
548596
8884
149840
1303
115817
6414
11253
220074
887
9121
124637
392490
1428
81688
79774
84446
375449
50944
54890
79831
8831
83856
80219
23660
22873
284391
100506144
23590
85360
55112
114826
126917
134111
80352
55108
120114
401647
654
199221
102724307
149233
3779
26048
56271
10732
9654
79891
55105
2530
1002
376940
27154
168850
83707
54987
121268
56261
23341
219285
387923
1119
9552
23432
3664
54796
282969
29942
148362
65243
3141
4668
388403
84337
55240
395
64077
23529
9364
84002
54991
1009
79071
84266
57569
554235
4708
7543
4982
23554
340273
203260
10974
171425
7275
55262
56128
2030
7593
135398
80208
255252
1486
80194
152100
9771
54097
65251
84064
10655
55255
152485
7100
9028
286256
10349
57224
727957
130026
22949
10804
770
79838
93210
51059
10026
55228
10894
374928
158471
51174
80745
60560
84065
79582
84818
92283
1350
3899
93663
83451
160897
253639
4248
375035
282679
84520
54545
54989
3631
57657
79691
957
414918
318
53832
51314
84073
2110
284565
3588
956
348262
23507
55567
11240
388135
2166
9742
6649
84933
286319
285636
7582
64430
55974
4682
152098
4330
11070
8722
221477
387640
286046
144406
149076
400451
147657
130951
222236
55500
9374
348654
57722
101060200
89887
7477
5373
51117
8714
23252
29118
8482
200765
165082
9315
6697
57497
114902
55862
338322
23150
23398
726
10873
285498
9487
80168
29906
51102
84890
340706
549
63977
117145
259230
284434
222696
7738
9703
84286
80167
158584
11163
497661
55036
27249
2134
195814
6610
613037
441250
338376
64344
4968
84281
26112
84570
29799
125919
51805
10003
8320
181
10224
100529239
79366
80162
25981
54619
4694
8704
161247
9731
2878
10194
391356
127343
246269
129138
885
53942
403313
23205
160335
120526
6725
339324
135932
399726
146556
342184
23057
9912
10581
29990
55902
117608
23659
7637
150372
116843
338440
150468
196740
9249
10216
57549
10861
9728
9749
8989
80000
9489
493911
7478
7976
2696
55194
58986
401145
29965
81493
131408
734
51005
112487
10316
140886
79192
169693
8605
54537
1389
54454
340152
5046
140733
80070
1139
113791
55751
10242
145864
56548
7940
55206
94120
4351
80209
84068
5028
253650
7634
286336
144245
149013
162394
400566
55561
79413
64094
150383
7060
81562
340543
23767
8639
126
23566
55239
290
9710
63933
80778
79153
51360
2184
256643
51167
84230
119032
51093
353189
80763
105374836
54674
84620
9473
54558
619279
403341
7711
25912
127253
132949
158293
55192
84288
94031
35
55357
11094
150921
79368
53834
64866
83943
90075
2524
140564
388569
3680
10588
7620
163702
79758
79674
8840
149563
64776
64860
51704
9843
23007
9663
340075
124975
