113251
27248
80222
147184
11152
53981
1901
7791
55832
479
7919
57228
58533
9690
5929
9805
4076
5972
257364
9912
11315
5800
26157
126075
6257
8906
116143
10335
222389
126231
3685
56935
790
4357
23040
79643
54478
7321
54625
9462
57337
967
5566
4249
84230
11143
57466
5238
27018
2800
6782
8332
204851
6227
10133
83988
202559
140460
6515
6277
55182
7001
159091
56926
84296
26018
1580
388969
9491
4337
9135
898
55582
4880
5825
29994
83440
4864
9170
65083
116254
51421
64407
3695
26521
23301
9097
81563
64342
8742
9158
4682
10694
10565
90843
1739
6442
51377
201595
5814
10668
2803
84669
221895
6935
1827
51715
1910
8416
9349
10544
80303
29097
51321
10129
65987
254827
80255
112611
10772
474343
84331
9879
144132
340359
83861
57577
2965
2059
79873
1270
928
10607
51496
3021
91748
84171
6494
2066
11252
2889
1112
5053
348093
11102
5932
4868
8637
22798
115557
57600
6102
122769
1812
79877
23210
3692
163786
53826
56890
55629
51014
10952
5336
8859
54516
10039
6659
55718
79868
472
27327
147807
1605
7564
5784
27034
63875
55026
51312
3611
55667
56852
6928
51517
54623
10300
51280
10999
57706
7476
10921
10629
64577
84939
23597
7014
5683
28951
6493
387923
64083
8880
81849
84276
10518
51115
201562
252839
207
57333
10516
9913
26127
80143
118
115908
2633
51154
5624
84288
9682
10951
83937
57669
23647
23229
7343
54431
7058
8450
4942
81027
57213
112495
94031
253959
5638
51335
11133
55658
54504
10910
84706
57474
118487
2018
79807
6143
706
23142
9311
100528062
3913
84236
80232
23304
7298
91949
29990
4488
5507
5438
148867
1004
1051
2581
9467
114569
10439
10445
730
8545
140609
113026
7625
84696
4160
8841
5511
9469
6489
51226
92815
3087
124152
25994
8013
11273
80321
837
5810
5883
2782
9669
8573
5162
53358
6751
23078
6697
9718
692312
139322
64145
9929
138046
1410
64979
4617
6845
2135
129685
6925
5660
79676
2534
26207
5083
1813
1984
638
26010
114987
23370
8399
55308
221120
51218
83707
25924
57188
83990
23636
1000
10927
55234
11007
85477
150372
64080
348180
10161
81620
1486
79934
25855
5201
10457
3714
84231
57132
147686
7264
83933
255919
26507
51320
79720
57670
6158
317649
147179
79947
3739
91300
221786
3428
3028
64146
6328
79019
287
5587
6558
27247
400720
79728
55288
5150
60401
23094
523
79081
200186
57136
84254
8969
22882
847
55753
55278
140691
1908
27143
51602
129285
6760
8726
51236
388813
22820
8239
119467
79647
27335
55749
8775
79366
546
51564
441150
7979
92154
127281
90809
80179
9704
23705
5871
55771
9376
80777
2316
23127
476
80110
10486
4862
120425
80301
7009
202
404672
5432
51657
79922
84641
755
10180
5686
51239
65008
9928
389541
23039
8355
7029
9333
253980
10147
659
910
84282
284677
463
57414
221656
8665
27347
10146
2239
6602
64423
5245
6742
10802
23
56126
22852
2822
59272
8479
22941
6608
144108
6045
5125
4582
91057
9255
51170
55266
9134
8519
2879
5193
10929
84803
86
135228
284325
119
689
284459
51441
641371
80832
3693
23307
84189
55316
4677
8697
5768
887
26610
6047
120114
3742
347735
120
3008
29937
5738
5707
8934
100527964
51704
10311
10212
65125
729991
6399
51023
79902
221421
166336
115
5862
57542
22889
23177
11200
55092
115560
51164
91010
57711
55862
5681
10848
6892
7681
644
51606
23139
65117
22874
9739
54998
23671
113828
79018
84870
10421
10174
23215
9289
26130
55075
9601
64149
3897
64834
5595
340277
56886
80144
140838
23603
5425
5905
2548
57464
60488
9479
51531
9517
7905
7162
80005
3158
4282
80010
54708
6722
114294
23759
91056
5875
386724
5154
56851
333932
23029
23588
10385
114769
143279
79829
58526
10766
4683
81577
26575
50814
340706
9265
148113
54887
374928
25973
8295
55224
54480
80346
7903
132884
9317
256643
80824
11264
84196
170685
6670
7175
9618
2767
26235
4477
246176
84164
2882
80746
8470
8110
3909
79058
92597
2559
124637
51204
2139
1059
205428
63943
11346
57175
92017
55040
337867
54462
25895
8673
5898
3419
80233
8508
10427
22872
132660
10961
2005
9220
2004
8899
6520
10424
282679
51428
3238
7566
388962
8776
84549
57575
5709
80231
29882
286827
369
7756
5509
2230
9487
5211
340152
728
91647
84447
216
29985
5191
1376
9140
112869
7351
146395
57819
2736
57520
10153
79109
7353
55869
493911
8553
51184
51646
220972
7041
3838
9246
728294
414918
9731
261734
65263
26470
2821
23184
54739
79755
11269
129563
10466
90113
10487
84436
5584
5745
23645
388701
23596
8460
63891
23283
6147
3840
10908
4723
8892
78992
54910
124975
92610
56288
3297
59339
51026
9531
23335
29066
64951
6586
5818
65265
90204
26354
1785
84722
55603
2580
10475
51373
9022
29110
51291
23596
27005
7596
102157402
11103
8533
80895
84058
285636
254122
471
51388
5549
23624
80237
79690
286133
10548
85403
84311
21
125115
10295
8050
6838
57035
403341
8835
83539
56987
83543
203068
8836
100288695
10325
1660
84159
64419
100128966
2039
6351
51647
293
8506
54464
51561
147687
83758
54839
283578
55689
163126
4092
64759
25962
7328
51163
201254
138428
1889
387119
54830
8971
65258
146
64975
79777
7589
6154
5138
79075
8864
84144
55929
167465
5687
9853
22938
5577
30000
7159
24137
64429
57091
5451
9610
65094
51008
10098
901
5613
25804
27106
63917
55766
5774
7940
4916
8467
51380
10520
35
7164
145864
8635
6927
57452
5349
1730
27087
51135
348235
18
6240
5891
10423
8826
1545
4534
7068
5000
79631
30849
6715
64236
51548
29952
23623
23481
10490
84705
58486
10973
51397
488
8498
57085
10989
9927
51605
23173
8975
137964
2902
151648
58491
81624
670
22890
64978
54187
54873
10471
5950
5567
9889
7381
148479
84861
55005
23363
590
23181
55227
84881
83638
23410
7678
57393
55248
79663
56889
554
154
598
10781
8668
147808
1075
22861
55218
57231
1636
124935
54762
9274
3551
246184
54810
6224
78994
54840
29880
39
10307
23355
7363
3680
55173
6199
3621
8559
8763
7188
8428
10059
91074
8449
2395
23512
123879
79591
90121
147463
9578
4760
205327
221044
10140
6181
375056
10444
28982
26128
85363
93436
149233
84108
10476
23059
7706
84680
11065
5048
10540
25792
4069
89890
11069
56896
5859
4676
8495
255027
29118
51257
4771
6383
79839
4522
55668
23429
152185
11216
23240
55795
673
28992
5169
2872
285190
23345
1314
55297
221357
80219
411
55349
6431
643853
84300
348654
767558
57446
5127
2263
6217
84986
284716
2067
2050
2705
4205
23788
57639
81831
113675
728642
195827
84752
23767
84033
4952
5165
79918
5920
144577
126259
10130
6721
8139
152404
5688
4595
596
8615
54969
23556
22893
27129
83714
84812
3955
131408
57619
26270
83759
27154
80705
29855
138429
96459
54165
7813
1285
56970
2936
8653
29901
26505
11018
9555
84869
4850
84464
203
55791
56849
79142
8792
7434
192670
57693
374920
2896
219771
150094
84102
4537
8140
55732
11083
54841
79990
4128
3097
8731
92558
8409
166785
64410
54541
3376
51076
83595
51142
708
9092
55361
103910
6559
51520
10362
375686
79968
80145
5537
9975
25950
11146
9911
167127
27229
53339
7570
8031
255189
51552
83478
4736
5691
9734
5422
23061
261726
1136
10581
10519
3574
6924
25800
3801
11332
3833
79674
3174
114799
55233
832
55166
25906
54986
79668
84450
54477
770
128239
51108
9370
3993
9482
51523
8662
285753
1062
51639
84661
956
337963
85379
22803
22936
55729
89927
27134
4650
1983
79882
91368
23582
3882
54033
3172
11193
139341
79866
79991
6904
4154
7284
10657
3099
4090
161
654483
55212
8813
116113
7374
5360
6741
1340
54700
64283
397
51430
84313
114825
54884
327
9001
7327
122786
1653
10026
22809
55262
4696
785
221937
55139
3083
9811
51574
55957
163087
5351
90355
79192
203286
3694
56944
8874
347862
84305
26524
6692
165530
10138
65250
84888
64427
91522
125919
81545
283537
5611
27086
10318
221079
55702
84303
2021
9585
9681
51780
79002
147991
9639
84187
10811
55884
29117
57703
53354
2535
2319
58986
9392
57559
8175
4752
3383
10555
121536
149371
3476
6480
6487
6522
3660
7322
644815
57185
10495
134266
3187
4839
1665
91703
11222
22884
121665
2935
57538
9784
27152
56255
64756
2098
80114
6829
9526
3205
6195
64798
51171
3400
408
26146
23258
10553
9627
6201
7444
29071
64771
1803
10131
7025
29945
149628
54785
56265
1002
25926
81839
152485
54899
84219
51209
1734
55846
23119
25844
84221
253639
93624
339366
11113
5639
100506403
6339
114757
80207
81025
1798
51659
29801
90850
29099
85476
375387
79869
990
9583
23031
729515
64926
85027
272
54943
57664
714
4670
11070
801
1777
6342
88
3716
607
1808
9817
3312
1719
23209
51193
27165
51011
64847
56063
57124
8092
55531
256714
84851
29105
10084
3033
89941
348110
25996
2277
7844
26046
64902
5753
85456
154214
1717
55714
84942
3188
11168
54534
386617
2876
54813
27293
114793
26147
4241
81533
55905
183
79699
55972
7818
662
723788
7572
157567
84301
7249
2299
84699
7486
152273
9208
26503
55194
27075
29957
5284
134353
23136
1729
6878
91039
10979
3670
5226
55253
29100
89782
51334
6907
84457
114971
6169
6546
51010
93594
6737
4905
2539
4306
3251
9236
27445
11066
6601
81579
340578
23269
27246
2491
100532736
5167
285195
663
10159
55856
7469
11226
6205
11328
23176
55344
80168
8612
6472
8438
1662
8771
27237
822
57700
3148
162963
645
9958
10898
5515
10521
152137
7915
6091
51493
64327
3735
2720
100302652
55635
55352
6238
9772
3952
90485
3151
84294
23344
10056
29920
9463
8321
9733
8456
55661
9107
51668
28958
55586
10189
866
221960
4152
2192
1938
8550
1039
283358
6890
128674
51106
7187
200931
196264
24144
23348
7011
9455
80817
5064
112849
7205
5500
22801
146439
338657
4191
2149
10155
6385
389337
51734
5216
145389
29887
8473
221830
22908
84866
10725
6155
7318
81539
200558
55181
5829
1528
4914
9748
5886
79731
80169
6881
9875
9569
5682
6917
2827
55752
57018
51258
7913
9792
7579
2969
23214
9442
92906
537
2762
79038
8905
54982
6821
56241
10957
23060
10247
58509
7289
23175
80025
2977
54106
55859
23072
1155
2632
79745
79753
3779
1632
9863
253725
4137
10654
4084
11164
4168
4627
283149
55680
113179
1439
64151
6764
8516
23384
85313
23641
51027
2
10741
1656
80323
1388
57488
65266
55072
23293
80311
1488
3122
9249
9973
79413
2820
125988
54676
337876
153642
2917
124401
122553
5911
51013
1738
78989
5858
23097
79845
199990
27102
55627
79411
83871
6376
1176
1200
92935
10618
51144
7008
2272
202051
57476
5209
10270
64219
23246
6883
4038
726
1843
8493
729967
84134
84162
5684
2593
8645
50651
114879
10051
9468
79086
4647
80228
51747
150678
80135
286204
4899
80097
11331
55605
55270
79654
23471
310
57685
55768
9325
7021
84279
163183
9826
5715
7133
11238
81603
7775
27042
29890
79642
57698
56243
50617
10019
7541
51117
55112
6156
283248
55770
275
53942
8869
201255
23275
2130
55719
2117
7874
51434
127700
161582
203328
10955
3563
64793
1407
11098
4496
2176
55219
345275
375748
8459
29899
29094
284119
134549
29916
7431
1193
26043
2280
57573
1186
3398
6512
22919
81550
29843
117283
89849
1104
55437
84285
26229
2950
55664
7727
636
331
112939
5256
9070
221927
2734
23412
11230
3177
201626
64800
26093
1070
5930
1810
170959
26061
29087
29992
84926
84280
6251
55763
771
10963
1362
284697
90826
5782
219988
4026
11054
23438
285315
54555
6284
54469
10915
5977
8649
89910
26053
64425
51586
50809
55540
283635
55133
339487
3111
55071
64900
22821
6218
8867
84885
29126
445328
10969
81688
89874
283989
3758
11333
6799
9948
22797
2644
94104
883
7416
162394
9968
9679
79159
572
1012
2517
80067
53616
80352
2588
23095
150472
9759
84299
10336
238
2730
79956
3577
10302
64397
83939
4055
4710
51545
55626
23071
121504
4150
7574
54869
56995
474344
8996
55172
6375
107080638
6386
27043
57805
9791
8425
57224
8914
2260
7109
26092
5170
3106
22865
8555
79949
57721
57546
94121
84275
10556
389799
10724
79087
54888
11161
5290
81565
4087
384
51200
5965
25959
9937
84100
22841
8930
1606
56829
57336
9521
3117
55251
55819
9528
253827
26504
199731
4486
10370
5096
4695
51253
64411
6035
4190
6189
4601
57594
60625
7597
2923
9767
8751
160
8986
8329
134430
2908
28956
2861
57551
3987
55610
23241
6429
10244
2660
14
54984
84247
81689
6832
84993
3326
374654
79228
64806
4616
80264
8799
7049
65991
7155
83849
23315
5434
51729
10235
9688
55388
27022
805
23133
117143
122060
6651
51181
139212
56994
6549
27429
10746
5264
79943
4000
1820
6311
79752
1728
64960
5744
22870
90673
6207
1841
91689
115286
400073
129807
129880
3313
26205
11017
6164
54414
221322
54788
9258
57162
83547
23383
54455
326
9256
23360
25886
1105
112574
7145
10533
1465
5144
79585
6612
55536
1603
10603
58189
8125
6301
11311
8216
90780
55116
11282
8828
6772
92736
8634
8362
29072
55225
10600
843
79817
892
50862
25930
7534
3090
285498
54585
7203
27250
290
6810
147007
57563
83695
5468
977
219333
375790
55062
5352
9789
9804
23064
5546
10062
23200
55692
80312
9071
84612
57621
10280
11059
64431
23332
22856
389840
159195
11080
89953
117178
11179
10106
11153
55624
23517
6341
55002
6046
84240
79786
25988
79913
79725
333926
4609
259282
7098
7126
8340
152503
5356
151313
8458
10371
55003
1315
9640
4892
1195
23317
283643
79009
80173
201164
56271
4817
28955
90231
83692
8767
84065
5091
4967
64601
9706
55008
4782
55135
3791
11232
1958
200916
55228
468
7347
51455
125488
130026
9486
3133
79177
25864
51031
58484
55852
27145
8190
79153
167826
9444
129804
10460
23480
142
57674
25822
23008
4311
144097
22948
51160
54798
64754
3631
4800
55698
27067
114327
6248
34
10076
55745
80816
8540
79635
3150
55074
6576
8602
57561
2166
129831
7070
90874
51678
7701
84874
6905
6051
90624
3592
4793
79672
3983
3709
64241
133015
28998
9694
10616
9898
64748
2678
3096
57190
266743
9921
3949
54939
5824
117145
6159
100287932
5252
51069
26469
8939
57182
4302
10864
8837
51138
80184
143888
221154
653121
988
50944
27254
57590
146050
10928
138716
8120
154043
6004
1063
8621
579
143872
10314
22897
9215
123803
7920
84886
116461
2079
26097
6633
27085
677
29028
55737
6144
26227
5345
155368
54680
53373
51571
2065
28976
5163
9202
53832
54107
10577
64854
8737
221613
55769
1415
27443
90362
91782
1121
253635
6934
10391
81892
613037
78996
5217
100272147
79832
83892
50717
374354
8106
101060376
201798
25897
3001
5563
83546
54556
9939
10567
79959
79039
3073
6711
9278
57731
53944
387496
51
29098
4739
309
64755
10592
57396
4144
558
2495
51409
28962
10652
57381
285598
9656
348174
27352
84376
7551
286753
22978
6540
220988
5518
27249
10782
6128
222068
8882
3118
80700
6498
55761
5467
79834
5189
23171
92960
55559
91369
23390
373509
506
8440
90203
26003
8338
4300
152
10528
9377
8850
113523636
154791
8434
4707
55198
57217
58499
151393
27314
4286
123016
10970
9130
64123
23270
83549
4780
80778
57511
55286
22980
790955
159
427
6728
283212
1196
2322
117157
3431
2058
116362
26100
431705
55022
57129
9616
5704
1408
8829
223
83719
3091
8871
54790
4222
135293
3295
124446
23170
339122
8317
26986
6840
840
333929
7511
2178
7639
284565
3155
51251
55662
6382
64077
126375
11165
2940
23150
11033
7332
1687
2122
56912
23469
57704
55379
91151
143686
113612
252884
80381
1915
10946
10402
10099
54881
146956
2157
665
3192
10208
3632
6422
57146
22877
55646
51808
54821
55093
27107
57534
8424
54952
2946
25796
6400
8330
6093
6867
25759
114991
83660
96764
90410
81786
116985
51655
26271
51347
8480
54828
89846
192111
10228
25782
387263
65056
1911
26240
954
64801
349667
29907
284217
79400
9836
4832
6672
23354
144245
79590
9915
347734
344787
55293
3006
51807
56984
3704
206358
140459
143098
312
57154
5603
85459
6139
101060200
54968
130013
84498
23224
4733
55131
84542
4968
55644
3491
284391
5787
147339
94030
8368
27285
5754
1140
9823
22832
1854
9967
11060
84321
2877
8728
54971
64207
3880
3661
10800
2590
80830
738
5597
2976
104
9758
54987
5202
28231
9144
26164
6665
25936
240
64174
10818
63982
94039
221037
100874369
54961
10207
222662
8318
55759
392465
84304
467
55930
84707
54059
63929
23598
810
11335
146434
51232
4058
90933
25841
79879
26135
25920
11198
10092
7166
2030
8723
399979
83605
23423
11034
9782
54734
64131
284207
9766
4947
169200
6426
5213
200765
51103
55720
10873
7334
138474
11009
57038
10413
26994
51479
1613
5194
3671
9493
3082
84251
405
5394
65975
55170
4126
8821
64061
9905
55188
60496
10579
22921
342897
5184
6482
9213
57707
25946
84140
85441
5364
8335
80317
221477
10682
3964
50628
377047
11031
129401
846
200523
5609
23621
2629
8446
55669
10612
4837
8535
65220
50808
122809
23534
23276
10095
353189
286257
4485
84873
2956
51206
2271
95681
51365
481
130162
11037
84895
7592
10743
22822
6302
2619
8760
79800
79980
9652
57403
8991
23116
55711
283234
285440
4673
57510
27000
57523
26579
3281
156
23328
55213
51619
686
4355
55163
56122
388272
54963
10950
57708
60489
144699
9351
3996
60560
54870
26953
2016
142940
54872
6000
51649
11100
112609
3625
55178
4738
284273
23609
252983
11163
705
53918
54857
53834
54487
222643
55039
114885
54069
64221
7314
63932
84197
585
4324
11319
6777
51527
5924
115677
8809
10082
222166
5547
56950
58191
84034
23463
317
64147
23743
7052
23043
10809
51512
56850
9700
5585
10277
55337
22900
494470
54832
51285
112840
4636
29922
6627
7812
390637
8818
10398
23001
7022
65003
8794
284996
25852
10791
7556
85461
5239
110354863
10111
79646
57095
10538
114659
9650
131076
1398
23492
1890
53630
119032
160851
89795
81846
29760
4257
9088
2675
8576
22974
27230
1316
2653
51720
152007
1856
6725
57447
4292
284001
29074
5830
123263
3608
5719
10437
23373
1945
56888
9698
8357
4750
255758
4189
57665
5981
143941
79695
84890
147372
28977
23395
23135
7916
11119
404734
9126
10299
573
11104
79077
84946
55971
8877
51304
23235
92255
2739
51611
286319
7412
78991
125476
3066
9562
8784
79017
23431
392490
23549
54205
55154
55959
57222
6809
7784
1318
23164
1014
79083
57539
4255
10283
374383
112752
5928
133121
4602
22907
127343
348013
124540
51278
3014
60681
56675
84656
30844
79363
79037
7128
23325
131118
2787
388115
6134
29104
91574
9394
3081
23576
9532
23187
7248
2185
441518
2971
728689
9139
10660
4804
36
116151
7020
1491
55924
1487
80279
4645
1965
55740
169792
55787
25909
55739
55256
79706
3309
5286
7389
54923
138639
6018
10157
143425
155061
7094
54535
26747
7485
8702
64839
3755
5778
124995
9665
25873
6786
342979
91355
146227
3998
5867
29915
9028
6198
6202
3659
4904
55591
440087
84749
79711
3636
340371
54995
25915
93166
1389
1428
10948
9672
23212
112479
54407
1829
29057
7428
1263
54878
84056
3163
9908
54677
334
149076
1946
284069
66005
2081
4628
29979
79822
4129
2243
11129
65992
139324
162427
26225
5001
5310
8079
25829
4331
23761
84128
10974
9260
59345
2638
80324
23607
92400
57646
3171
54704
57596
55215
23231
3601
8315
55374
1500
51062
346157
56951
3552
339318
8360
5099
92211
10005
23091
51363
7260
6303
38
55289
5786
29968
3953
1952
10322
57688
55142
6294
7482
55660
6418
9997
284297
7846
8729
8337
55967
22871
255426
23499
55094
2538
9816
10480
57609
90580
25805
6536
2017
51174
54332
83700
1417
23640
93974
91408
402
6309
2132
8314
79684
64428
2582
3956
1508
6387
64981
8289
192286
286053
2697
23254
10363
54970
57161
5692
1266
65264
27316
53343
79833
7976
123355
4669
6282
23506
5939
81570
79029
25865
2959
51562
11020
10422
65065
7266
3856
10962
2878
57794
27131
93487
122416
55192
9391
83548
116138
8879
9553
23051
90488
113730
246175
11138
64776
8427
5989
55573
23516
5236
125150
23185
51635
2634
79650
1612
7272
167227
10435
4285
10606
6872
56898
3077
58517
283431
80856
166378
54908
1017
2799
6909
3978
25948
5984
100101267
8660
3337
2531
8705
124751
51601
374969
51622
25788
51477
51060
1602
8607
323
140733
51699
119559
10787
151903
90025
116449
29761
9861
1741
85360
10226
4145
6397
7849
8732
2990
116843
9129
7690
10615
83940
4828
84310
10949
147948
9781
196740
153562
51389
318
55654
1953
80017
1457
113263
27069
1615
8453
6138
90853
2335
1802
11340
55205
57673
11142
10346
53635
149013
3633
200014
79763
91319
5297
1181
23204
8563
2309
23087
1522
6850
11140
83931
1107
829
4756
548596
80021
64319
84626
140458
9685
421
11187
6713
9832
55700
114049
5636
51728
2870
56946
7088
321
55854
56163
10044
79096
6738
684
6606
57715
23067
5141
6919
126433
2356
2532
10054
51663
51172
79036
11261
84787
113130
90321
29888
1131
6903
64788
10971
84340
4907
23417
80230
23389
4843
4693
22808
79791
116832
4009
55421
4215
2671
221188
197322
10190
8034
30827
100289678
81554
4809
57507
8379
84795
51367
9415
220074
56906
81876
4233
137695
91392
57184
400818
9699
79612
220164
64689
81704
701
8568
2764
8192
7779
5756
80185
25974
80221
91662
7296
64582
55969
6609
140707
115123
79810
8531
1859
92002
160418
91419
7922
79744
133957
7027
9667
4841
8721
219899
8351
3841
105369632
6300
55031
54988
5927
7490
89848
80208
1994
57616
7039
10844
51454
56943
57522
285282
55165
11212
80224
55683
10397
135154
6775
3643
54904
1788
11072
10360
4649
55137
26039
23259
81930
121274
10983
22839
55858
5326
387521
4835
64359
54941
2982
25843
116988
6605
6390
400451
221
217
5987
9989
100293516
57684
494143
26031
54749
66004
389434
4254
10965
79175
3315
84274
4040
6938
25989
9774
5526
2072
6571
2036
29978
9687
54331
79719
55238
11073
85439
100885850
4591
51003
10036
5970
26284
22800
9128
7106
5329
11284
3916
54820
10197
10055
7403
134288
64856
87178
5600
155435
23036
22837
112487
10038
1050
374986
84307
56975
5866
9318
126364
7148
1025
8677
89978
90799
130340
6092
90701
64766
161823
5936
4924
22858
3938
3310
22928
11064
191
10097
25799
55679
200424
3458
10765
81890
1026
26094
55507
7059
51111
26960
9050
29911
114898
55324
22843
2056
90550
64225
112937
7763
55210
256281
27
10923
54665
90427
7417
1837
340419
8614
79896
4836
91746
8888
6539
5337
387856
3688
6767
3550
80153
3416
128866
54942
3889
3918
3013
10020
1387
54101
1129
10861
23129
376940
6827
101
196483
9790
2043
2639
79977
79648
3035
1385
6647
90952
23545
158358
219844
6518
3586
221504
55011
9477
3843
2037
114791
3354
51132
51128
6503
64118
8666
3921
6863
326625
158293
51112
4301
51092
55007
80305
2537
54545
23303
5834
51102
23528
4725
84720
131583
90993
6242
79056
23731
4316
1120
7879
22920
55319
9604
8667
1364
84458
8894
55196
10914
27122
116496
648
1793
126003
117177
79649
50807
91947
27166
22807
27185
79596
6469
79098
26873
90987
53407
574406
200081
84532
64288
4139
255252
8325
90187
10733
91749
81606
301
150709
283638
284611
387755
26027
8503
3352
30833
440138
7317
5565
80308
9464
23082
259173
81609
55781
53938
271
83786
166815
2584
54454
79180
55249
284434
9276
8273
908
311
6929
26060
129080
51714
3920
9605
6801
9686
51263
6731
8502
8897
28960
5650
28972
26168
94
56913
57696
5371
54540
54976
57405
2547
55362
645455
7074
57649
1431
135114
134359
92922
8997
6095
54891
27031
9728
8547
56181
1031
9770
10075
8086
2241
23529
65005
8886
5608
51059
9821
11162
483
89853
10728
4641
93986
4709
79629
23509
64794
26098
9425
118881
27071
54938
10254
5903
5111
140710
5906
6769
55035
3178
51322
8624
4640
91607
60370
5954
116092
1796
93643
3055
1855
65997
58477
9530
10274
5469
4794
54883
259217
1109
11010
7369
222484
116931
23382
6793
10588
255877
1317
10007
58475
548593
84259
2677
8395
253260
10671
57514
51224
1374
7430
2731
10627
64853
222194
7077
9786
2042
51119
1355
6273
54953
594
400793
84962
55793
6259
79718
2961
509
29959
388536
2948
9984
114785
51058
1028
92399
55216
5428
2553
5160
4012
115939
140680
10079
582
56302
93343
114784
92822
23405
126917
4849
57492
257218
64770
4597
64969
10564
27430
10025
63924
54149
5833
84643
10849
135892
1020
51567
145282
79068
90007
9963
23007
3575
349565
26040
10116
25945
8556
11128
124565
51201
2494
7705
8496
23155
79095
28981
8165
80216
8870
4763
825
140688
26037
170082
116159
54920
1847
4920
119391
140901
80319
26751
5594
28987
2735
23011
147923
6945
3068
146206
498
3005
5976
1962
124359
2091
1979
83451
55327
23426
126961
205
6604
1477
23168
7150
7373
55534
22944
6434
10238
57592
5578
133746
5519
2819
8777
10112
60492
3673
9120
57677
3241
53615
26108
330
221092
4883
23034
3757
23399
84260
8648
80127
121391
23567
26035
2781
8481
3612
57171
84448
10312
23287
51248
10276
64786
1432
114609
51309
158405
155038
728441
4691
11047
375307
90806
6575
4436
92691
8358
5277
6432
107986084
197335
1128
30008
56259
2949
8405
7037
26007
27300
1968
8681
2110
949
51141
10531
5923
9807
6523
8780
84872
54954
221302
56616
253650
535
24140
7411
51540
55890
4297
11118
646817
9183
342667
9550
8682
89932
79847
4356
26509
283377
8644
725
2308
29974
493
515
81558
3308
4713
5436
1780
54732
151613
57102
359845
55632
89857
55336
90678
10269
151011
1912
23673
3306
79085
23654
57586
2034
10614
26508
55744
317762
7699
2776
55329
4940
6683
55084
11196
22875
993
199746
10890
5701
80781
27065
5828
2560
51526
466
4926
55294
90736
23543
8802
55345
284403
9839
5496
11021
57128
9910
79669
54602
23406
6789
51759
814
55503
4248
80309
54583
63931
1139
64781
29785
10541
3183
6696
56948
57661
55177
101928160
130617
222008
56342
23408
64374
55016
9338
29115
10552
81889
83855
1329
10767
5714
94274
55323
4726
3980
4998
2744
9612
28989
157285
5243
2287
11147
23551
10250
201163
28969
123920
54822
10623
4261
29085
57050
91653
54502
80772
56521
6788
55168
338440
51631
221692
57178
148156
7316
29101
23012
1212
56942
57486
8347
81576
7746
4935
51090
54875
10641
219699
389677
203069
5295
4908
285203
2717
114884
6875
5805
151195
134728
93517
2683
9933
55825
9581
116328
6389
324
3914
9061
221061
9524
23329
257397
22883
25831
126299
50515
78987
27159
10090
55006
4521
55209
57453
9169
11014
6943
7398
284004
83852
871
374659
51176
9368
688
56882
5740
55506
4938
3710
55365
10101
80150
56683
221264
729830
4289
51495
55341
84193
10987
753
5538
51001
1974
54467
25807
85450
2768
85369
153527
80201
23028
79797
27141
26984
3032
8932
64135
152098
10868
4915
126272
54892
80013
401647
57556
7712
8671
51360
55871
55602
115861
10361
55069
51634
64222
10750
23312
9880
645121
8505
158135
56478
8717
8565
10432
5005
84060
2254
115584
563
107987373
10550
54927
84067
51744
5780
9294
554235
91942
51131
286148
79065
79133
348995
125950
25987
51816
5480
55500
91133
1471
81608
79048
6773
114815
23266
7743
4036
152926
3434
23762
130916
1345
10243
5775
6646
79230
8500
255743
4694
26578
4857
353274
23595
51596
84618
51300
2783
9628
5004
1909
10542
51279
6519
9473
22863
26290
55160
22949
150771
56132
9778
2182
793
653857
1645
5890
8204
64949
8738
55898
9453
6888
57584
83903
9099
203259
54946
23366
23491
10350
396
8936
158471
4644
55425
326624
2784
5727
5757
84912
10057
23037
51088
51067
124790
329
727800
23608
25940
25912
4791
91754
1268
10557
4798
5522
5980
9771
54808
3985
55110
5817
150274
25966
5054
8623
1880
115362
6990
64333
51018
28990
1643
51318
10126
55184
81788
2288
90507
283349
139285
83716
9114
60312
51105
9941
127602
123036
23659
821
81
84893
30811
8562
4795
102724488
10992
83640
8895
79027
92
5130
1947
57179
540
285605
1523
9204
26292
83858
10216
3291
54461
64844
84904
55055
51719
375035
54868
10507
6256
8233
89796
84316
3764
727866
8642
10491
6016
8942
9934
1164
79770
63877
10256
23253
22982
5313
9146
10497
7422
835
6624
56911
9457
51244
4204
55353
8933
51079
517
51651
8703
9075
9563
54145
63916
96626
51773
344558
23286
9172
65082
93627
838
64223
4509
7167
84287
56655
26191
55888
1298
83606
6421
1271
5494
26137
2355
657
79634
1718
85359
23092
57097
257019
54825
200879
92335
84967
23361
8633
8370
2029
4946
84068
200030
2631
100874074
7755
50937
10573
60
57001
5027
25978
4664
7043
29941
373
283933
3799
128312
4121
64344
116983
144501
56270
115196
100134934
302
26998
84898
55255
79035
154467
29093
6194
9267
80258
8690
81669
3781
9812
6281
79132
3071
54619
220323
118788
90293
56952
54751
51247
1337
6142
91147
7518
462
1479
10762
2589
2909
54765
3892
8774
197320
10135
114548
4776
29058
51451
85013
29951
84991
6675
57019
11112
8815
57572
728621
10664
4074
95
306
84272
151354
9034
79637
225689
2592
79000
115703
1659
7277
4801
84261
5884
6193
147912
316
83641
9277
3364
51005
63908
3664
10420
84188
80139
9141
4017
9747
10632
123811
51642
7827
221078
151987
54778
83696
10939
11154
55970
84684
100996709
391
3697
2118
7380
1519
55738
862
58487
59348
29965
23112
2957
10399
79665
493861
80344
79838
55435
10127
5527
1306
1198
9590
10514
8491
3712
4820
64215
51315
54996
93655
1628
4314
54797
729852
133619
111089941
6811
90
26750
64418
261729
26058
26099
124944
93129
24142
55333
143
441531
84541
84688
5455
8209
64284
9882
51162
23765
8740
100379661
55466
79149
6003
84695
83699
22903
11221
6778
79582
254773
10006
81627
57560
9406
11136
8974
6640
9858
23190
9931
23468
64434
51501
1154
11101
55604
55334
9922
49855
123688
26112
9972
65010
6877
9123
23299
83857
26297
51741
49854
130502
6642
55103
80273
6304
6171
137209
85007
27077
51547
4131
7837
55696
197370
146556
10379
6448
6222
144402
63926
55973
55612
9514
8310
5008
79070
9184
9904
124245
1610
57587
10954
7064
200576
219972
57631
23414
826
63894
54981
11099
246
635
10644
51390
79774
80725
85235
284992
51478
27109
2247
9185
715
57180
51306
9726
6209
63893
55240
57111
2294
7798
8320
79998
2647
63027
651
6843
80755
8078
9218
9540
56947
23230
9961
2041
8464
2203
23191
10014
5442
220134
617
8313
55347
112267931
5532
64743
84938
84818
8367
55340
80704
3899
84365
10085
29924
8027
54901
55300
1489
55687
5155
57634
8471
55086
64784
256471
155382
6228
7345
23207
1999
51444
4140
9371
5271
9857
81888
9244
7132
132720
79714
4487
84681
57003
388695
79633
389203
776
7251
55320
126133
56893
143570
6835
100506658
84514
388569
2791
134285
56603
130951
132321
6634
5094
140606
56676
54845
2246
55848
199870
9966
2947
26519
112950
5025
7436
199920
90317
94120
60490
54994
196403
23421
1054
23683
81037
8131
23334
51626
6118
79581
1593
5933
26001
149840
54472
8021
8743
284695
5338
403313
5267
9188
10342
9851
3108
6230
143162
839
7528
983
11149
4351
2054
79089
8840
55351
1948
2255
8891
89801
8087
57643
137872
8664
57602
140738
23398
4236
10327
57626
50810
6414
219927
25847
124583
3554
1495
79939
55636
57620
134553
115704
6752
118471
8605
197131
2346
343472
3146
11342
92342
3655
339745
9842
3213
5420
64928
282974
5126
581
399687
9066
51329
55876
23213
51246
81887
274
5283
10400
146223
3762
8361
7432
51096
1666
51726
9670
9547
6920
6574
100
167838
23162
204
80129
79842
79989
11235
6500
8544
23550
1819
54566
91603
93611
5607
2888
5702
57683
79092
7385
158586
23505
89781
8099
80019
79586
4513
613
54801
79863
7265
25900
9451
4519
2252
2672
163071
54482
25888
401190
9353
5129
51326
2332
284656
3399
85395
166968
2353
7726
163702
3437
55615
54726
140890
2747
79670
56897
55676
2487
55049
85463
201514
93663
4851
8613
116447
84858
80345
64224
100289635
6560
1101
5887
151188
56658
342184
171425
9793
8912
165
10331
64073
23401
51616
55861
8394
79969
81790
10981
10278
55684
80155
84057
56605
55553
92799
55037
54928
9595
167691
7204
79954
23710
64778
5106
5317
23432
23252
285267
5116
23196
10172
6161
79064
10195
92521
57020
25797
28991
24139
83461
7127
1964
7384
7095
292
151194
120224
59271
121268
30815
56267
81556
991
26585
22880
64897
10113
5557
80267
56925
6622
54978
25902
6820
11329
79573
3142
4893
127253
10825
9519
8350
4603
9452
339230
148789
57716
51399
147657
79660
29799
740
9757
7286
9413
81628
56983
54436
23322
22885
8452
2869
2045
8764
55027
55907
3976
10655
9086
80209
83943
6152
93210
84335
5147
55777
9703
8688
1503
9409
5730
26064
54014
81553
54974
222
6879
23495
57189
54584
2187
129531
29844
9465
3206
64764
23137
7535
1375
219736
2048
129138
55707
221184
55051
64129
9689
55367
116115
84766
5173
64837
4162
11043
57568
79657
283871
5052
55033
2737
1807
112724
6891
10524
9738
3185
1678
55621
1490
3832
60682
4123
54780
3191
1639
22929
100861412
3741
57713
79080
6712
79841
8266
5925
81671
9401
6183
10919
55843
55785
2802
308
3837
441250
10018
113655
3725
220042
54512
9315
9441
9918
55095
26999
5874
7108
55620
10094
157313
10188
9801
3752
1942
50848
79084
11158
2121
10196
1774
11194
163859
57418
134637
5501
5770
5471
10884
166929
81537
148932
57125
220213
148223
84073
27436
92667
2597
4287
4535
5934
23255
346689
401541
63901
129446
84466
667
168451
51191
23024
79683
63920
54536
58488
8883
9617
9777
79709
84154
115004
118980
1429
4538
286826
9113
65080
58500
55028
10200
10492
10902
6533
65243
23013
79794
54919
387032
56000
83443
387882
26119
963
5937
28988
8322
84614
6671
5347
85444
3115
9513
9813
1018
55276
5641
54853
64763
23080
51205
10204
55611
79776
127262
3036
79102
148362
2669
2938
8820
90627
23474
5071
595
22881
687
1244
6210
55623
5931
6817
222255
26140
55809
813
2643
343099
905
146909
2152
79651
55614
128240
10598
58157
8878
27037
51231
90019
25793
79837
7030
10096
160428
65977
55697
3371
84002
7170
163033
6001
83448
128553
80006
651746
100505555
5592
8178
8844
57798
10640
56929
55703
11321
55081
8517
56931
25
60491
580
54814
79871
440275
6667
27291
84284
10807
23263
1292
3609
10903
65251
8672
92370
6641
10156
55764
8435
8091
2060
29997
1173
64782
114804
5718
3265
402055
260425
5593
5916
84250
54532
6745
23592
9343
22873
79739
10282
6780
4796
5831
4708
375298
2887
51077
83985
4116
6136
128077
51667
25941
219
9412
11120
54466
8808
55589
7324
10916
25977
140564
55147
57181
389206
9819
26088
819
81567
2307
10469
5869
23203
51274
2033
340156
24145
26574
55144
266727
4615
129303
672
9623
26298
1800
51084
7372
51447
2262
5710
79074
100037417
29086
4718
902
7113
51374
7923
26056
653333
81532
1022
10166
23555
64375
9945
115201
10924
55773
3488
134957
127829
5693
6455
84924
64399
169714
60678
114876
55175
23189
10589
2011
4598
130872
3078
6122
2987
158158
125170
55111
9552
80256
51081
10144
6709
85451
3200
8482
219931
51124
10956
10857
54468
8907
27283
51366
54812
23234
55015
1743
79188
3301
3857
4048
23646
995
5355
1676
83734
15
122953
1201
57461
2222
7760
80347
54148
258010
1677
54
6599
51603
3931
5195
6897
387680
7554
5168
4211
80829
7536
9881
2962
116228
64282
11258
1182
10455
23233
79071
55176
79026
10947
7253
222658
57458
55229
84233
79053
51122
55291
4715
23261
682
54865
51534
7184
23288
11160
5348
9253
9063
27161
6908
4238
79622
59341
124936
4354
9820
10412
64175
94097
4200
28996
26995
489
57455
7466
79572
7275
399
83743
135644
1857
683
246269
64110
26589
9867
201134
259
219541
4512
5190
51330
1134
114826
55140
29943
84245
774
29088
51805
23192
55844
10591
10467
22902
7994
23498
9833
2939
7494
8683
55840
60685
8294
3094
55565
2521
144406
7525
26515
3482
80070
9459
54438
80818
7130
246330
50618
27035
89882
285672
26118
5510
79587
54386
10194
27332
23522
135932
9815
760
5175
55671
79042
10794
84909
5868
1326
5034
128710
4134
5978
51035
116442
2960
4179
57657
65993
51691
5723
11277
9320
358
11044
372
9101
29889
9121
54799
10426
9570
196294
285600
55699
7086
147040
113174
1848
8353
955
9637
27032
55651
5573
6514
163882
10717
5198
6307
51022
10621
8455
59343
10897
10137
10527
10620
63928
545
10023
4330
51107
10783
5018
9779
23475
7295
2000
8803
79758
10810
66002
23741
90102
5192
9841
7067
6168
416
10735
2286
140576
286077
84324
92840
55090
6120
55628
57636
55157
113246
26022
137492
25851
57045
64718
5966
130507
92259
10241
64682
27148
122704
79814
23593
154807
64089
128308
166647
23704
654
7745
55552
7707
3233
165055
54058
51225
10549
10806
4049
729
25885
2967
283385
58506
989
23194
2107
55823
79174
5598
5569
84461
221806
4247
60528
80210
6662
23163
6173
2954
3065
29123
5339
11339
7185
23023
11188
23580
65268
65124
3382
55243
865
2719
84243
2339
29956
3606
2191
375775
1512
406
55471
5590
55830
63979
57214
1349
83787
199221
79784
115426
79576
10158
3417
55829
9031
92609
27241
6208
3490
203523
84451
5314
11167
64067
54621
83394
54764
4728
154796
4860
81572
1969
162989
23521
79872
114823
5152
25942
196383
399726
9796
57695
84896
94005
5411
10658
1277
5292
55364
648791
3839
10695
54606
22926
57498
23065
145508
79594
163
55585
3572
400961
6818
7390
2526
5464
55274
894
6237
283373
84309
1282
57048
521
9261
85442
3052
4298
23126
88745
55245
11135
79840
64581
885
55709
51101
3433
51433
9209
8348
92421
9445
54936
2997
63874
1655
93
2235
154313
3104
145483
9692
27236
50626
178
9509
10273
6470
340543
5321
54816
10201
22826
55206
5520
10294
3303
50650
84302
54997
84525
5203
55082
58525
7276
375743
26017
873
84501
11214
8237
93649
9489
25956
140775
57412
84911
79932
80124
599
147138
10465
23515
57666
445
91624
339451
80063
79924
63892
51260
64098
27158
440689
490
23333
9324
6204
55608
11275
55665
57504
4209
7122
10463
4698
8714
25925
58480
27253
59269
4642
72
83594
525
868
9367
126308
3454
4034
26167
57701
53841
100506144
5797
160760
7692
6239
23341
64901
9527
8407
2053
842
9361
8572
201725
867
2934
55004
51582
4594
5315
59277
10008
145173
6297
10681
254428
5037
51633
605
3015
3219
55250
64426
5796
79825
220108
26228
79641
6625
900
57186
23552
79598
55596
57332
30846
9619
4808
6637
51074
1366
10308
92745
54940
9755
55760
4751
3336
4528
54863
25809
10769
148741
11079
9205
5333
5580
3700
475
11093
8945
1184
100423062
7186
2686
55622
6992
11189
3751
51474
55577
254013
64062
10395
3959
649
8225
57143
55128
84708
9147
51134
157769
3782
83667
8663
25820
55508
80254
51324
116028
124454
1460
59338
8085
1763
161424
404281
80270
83591
9542
113201
7035
7728
55164
55607
29926
10594
57118
734
658
84775
6837
10865
2150
9091
10474
57473
8706
64376
6668
54851
7770
118924
1852
8352
10081
23042
10874
51337
375
79666
10000
9730
84437
254065
29781
51271
6347
2273
55501
213
10477
51588
7182
78995
4093
84061
126669
54622
9399
51002
55705
5036
26230
10440
50640
9112
148022
9874
10985
10447
22862
1716
85437
10365
83874
54537
23174
1981
9525
4600
26258
51061
23047
2193
81605
90957
27240
10045
64983
11051
65979
8995
23586
51710
52
5082
6191
4939
10245
81562
51009
58485
23016
5019
6868
5781
10260
56895
1515
114
2975
8349
151050
26071
7189
9894
57134
196463
4943
10678
79792
249
7358
57215
255488
53349
28985
137886
196410
6427
116835
111
27238
3304
5445
10988
65018
150684
89797
22911
2137
3623
9655
55544
79442
9262
139818
5121
9663
10626
9132
63951
85365
54914
9891
727851
83989
10608
1629
6319
254427
51175
8366
10978
54521
4671
149986
90861
55108
9843
6453
9886
4214
6510
25953
9919
92181
4267
65108
729540
8766
1861
11176
158219
3958
54874
10667
6834
1663
84124
9787
8801
1839
10631
7532
3064
65109
23046
50485
10723
23294
54531
2258
9828
51700
23274
79767
7006
5581
23378
85014
84465
144811
3672
126070
80055
5204
84919
5747
408050
9488
11253
9124
132949
80014
56649
9721
10330
754
121260
391356
57521
286410
4313
90411
79101
5498
89891
8073
63978
91351
80146
259266
6119
782
192666
85453
6678
83475
50484
51608
131566
2770
7552
1453
6188
79754
3992
7165
55151
286128
9935
8924
6461
56892
8402
6505
51652
92344
133
8604
7918
26353
80194
387
221496
3181
140739
80262
3275
9238
11124
84078
2595
8970
29982
28984
26528
286336
9749
84817
149420
51188
84693
29980
5655
101927446
5362
7917
140469
23513
6695
25963
26355
27089
51070
116224
79856
972
80775
7531
83648
6710
23179
80183
84083
83636
29954
54517
22918
64114
10073
4291
84923
9537
9871
6626
5287
51021
55794
2826
51230
132299
255967
133688
2733
8454
2131
57465
4775
116071
147872
2046
12
113178
10058
55722
127733
10673
23466
231
1604
83930
202018
85378
9719
10010
1296
84968
79694
11219
51592
6258
6157
950
3093
84265
9818
7984
112268148
390
23113
3227
28973
388323
9926
3029
93587
23158
5269
6344
80128
50649
8542
105372824
9052
27190
9860
11177
79183
3217
9410
9180
29062
1124
90990
57519
220
3600
84318
196527
85236
3276
355
7857
27351
9414
4889
55893
57409
1327
2804
268
997
23780
7769
10855
84441
5610
144100
10478
1998
552900
79072
8445
1591
8345
337
5685
1003
26145
57530
29082
80760
10063
1455
9354
148327
29789
51292
84191
7507
3017
339231
4969
1185
54520
84978
55193
145482
1393
64785
54948
81848
7323
84256
253782
84790
23195
89944
84343
3705
2651
414919
11213
6631
91582
399664
84516
7748
8842
9021
10714
2289
10653
151295
55958
26048
22934
23558
55850
80325
9446
7805
90324
23450
494115
11237
5092
7408
255394
102
6582
55280
51449
54913
114897
5140
284058
4753
5583
143884
6894
8341
51378
8816
54935
55359
100506736
5863
65986
64792
55567
80762
1187
22847
8646
9556
26517
4891
51599
5720
23385
8148
64838
9925
126820
32
23760
9275
140885
84319
10755
360
115353
79147
4976
415117
7633
5097
3927
5305
28957
55754
9203
392
5885
55295
9736
23658
10522
4714
51755
6129
11236
987
214
57326
55048
51121
9678
7832
55148
51371
64412
54795
54784
23532
26136
56999
23149
55631
10768
3925
11067
57463
8398
254359
57722
414236
79886
399512
29970
11052
89845
81610
8745
6137
9588
25814
5499
79705
1468
340719
25934
9962
27348
23400
23277
3784
11338
51187
9785
7520
3421
54890
128869
54811
10493
26012
8698
80339
57599
50488
56954
6310
200933
79600
51222
90864
54433
26115
259230
23635
9416
9750
84811
55258
3635
10123
51491
6425
1543
79090
54093
117246
8518
63915
6236
4745
64599
1642
1933
84920
23228
8976
79735
9741
51473
55061
79155
79768
87
4686
7402
55226
11041
1496
79158
5431
54826
3654
3984
51560
51228
26057
114882
138151
102723728
10291
10211
4001
1396
63970
26034
22853
27309
219654
10272
320
1147
192669
55833
10393
22984
5076
23085
23409
80723
401548
7163
25791
51255
55174
11001
84131
10749
79446
7675
63035
200845
117584
27292
23365
6949
79982
9520
3981
6584
473
57176
83637
23387
54432
57544
55554
5524
10938
2702
322
94059
79658
282991
23632
54930
54796
9026
165082
6015
54465
593
253143
54956
622
22848
2068
54993
163486
29763
9055
10434
526
283742
25917
50
4294
57648
64321
5877
4440
78988
353
51100
891
91544
284323
54458
117854
339287
10419
54989
9753
55813
4085
83992
7325
81847
27339
348
56905
79664
7694
5311
57608
10049
2664
7529
2743
64708
23451
2519
79734
8527
79589
158427
9746
1787
10328
115992
54681
400566
10458
4124
339501
8754
125113
5979
2078
60314
7357
51072
347902
762
23352
161882
8761
550
80198
5733
25821
6648
54991
286262
8546
128
54439
51073
1850
22992
26959
9701
3613
8854
5378
23787
1828
1397
79135
283987
51150
8227
10109
55013
63939
10072
6887
55808
7046
84141
56246
157638
4005
126789
64121
328
3257
7407
57096
8575
8343
401447
22864
6050
119504
222950
57484
1384
51429
7702
221091
2771
7767
4646
29103
100132406
2983
4953
9632
10526
105
7468
79818
374378
3939
2620
9478
3480
28954
84326
121457
54834
25937
10775
5306
83596
2746
79368
27330
30001
57591
23198
161436
357
9518
5826
22933
3198
7405
23306
10110
23178
58492
51148
51227
147015
440145
140467
79948
92170
55966
55512
55246
84987
10383
128989
54102
9181
51499
8369
80108
1954
1509
375033
66000
57558
9630
56681
84253
6103
7750
11030
5395
4094
9382
3397
10468
157922
9557
1213
7629
115548
390927
5460
348793
23649
92565
26511
134218
90835
23172
79613
5104
63935
6566
81552
79618
144233
4077
23613
4651
5110
66008
7737
120892
26152
26024
51400
57505
9589
129049
84823
56341
6833
653784
65983
221150
1723
10367
54977
8061
1537
5725
5495
10103
57148
23678
4983
84327
3614
81611
27303
3159
90459
874
10326
93474
26063
7257
253769
8611
6187
55937
64857
345778
4690
4758
84292
27179
3475
984
9735
26586
23568
1525
7484
9988
5570
379
54554
51056
2648
644019
112970
84937
2745
139231
159090
57536
8643
10450
11159
23428
5210
375757
11218
55125
55020
9742
196385
4729
9321
10788
3703
341640
11285
8019
5372
10262
2645
64320
4704
2885
23559
25839
9019
9214
65110
23053
55109
5576
10841
6234
30850
644150
2572
10933
55105
10411
3009
9212
55954
3156
10293
7582
93183
54906
10459
8650
80213
3675
10134
51490
84520
81794
3350
1540
22950
5605
56648
65062
162239
9896
90353
4678
5433
286343
9328
84572
93100
201475
4141
115294
80199
3030
7764
5579
132789
51272
2305
22976
84328
1211
60561
10539
9045
22899
54476
27115
9015
64746
4702
51435
83752
286256
6314
3823
4830
55917
47
6182
359948
79831
55841
1978
284352
10534
79171
9830
10670
80212
158
91433
26002
4175
136306
283455
112936
199953
7593
3267
440093
116085
84132
51529
55191
9093
84632
92285
54951
7410
6607
5423
197258
5179
23358
54958
6792
6502
5033
54931
56993
1622
9125
29925
37
93145
5962
2077
10396
55281
10691
79759
8881
353322
65982
4722
64924
9411
10286
50999
171017
10009
84988
26520
1102
55867
3727
54629
90060
1350
5708
55201
115416
22981
23473
57787
55312
6203
339479
619279
23305
285381
90956
64777
160335
55666
79078
8786
8819
7567
64395
91612
84674
4122
642273
84456
84203
8539
410
9636
5074
5134
6895
9533
23038
3827
2729
7247
6416
6405
23527
375593
4982
100529239
79577
91687
60313
22985
387921
5771
2627
152006
283971
254394
5705
58478
7448
10847
4173
79137
27286
5174
80020
23186
8704
7158
1080
55268
2931
23063
9846
9575
54918
8241
664
55914
3316
8189
8339
9100
10240
90407
57532
23347
63923
2186
3018
131578
22906
9615
5139
51382
5550
23041
27178
6233
114883
1027
55526
100131827
83541
257160
5654
338692
4201
6059
55847
3020
10024
140612
25976
6649
7169
170506
5430
84268
25840
88455
57506
23244
4345
55726
222236
90441
11322
79892
9798
6170
5523
91289
653604
10380
23062
80332
10617
26054
51375
7881
219348
51706
149041
4552
58513
8659
90594
8202
55653
50487
501
9306
335
255520
439
148137
6446
55132
84914
57192
245972
8334
3726
9131
7538
84950
84878
25901
10179
10040
25813
146059
904
89970
23032
5724
10205
23404
22927
10575
103
28970
9040
6910
5328
694
6141
6654
3034
79682
3556
79680
388650
143689
5089
57494
80315
966
79724
54861
64864
126353
50632
9646
1047
57120
5631
142679
20
7114
124044
4881
169693
2875
8968
22879
79139
8214
152579
57606
11097
373156
219285
58504
127002
2625
10529
342132
642
5746
56945
54815
10913
8483
23152
22859
5045
51614
80298
7311
3226
203054
9077
83987
84547
8692
132
54758
8331
10537
79960
23271
4807
253512
6176
9762
79607
8916
1351
8323
51268
90075
283078
440574
1727
140461
9658
64943
54507
3338
1030
254531
127544
51042
157378
55572
29940
114990
8567
634
8797
55681
54949
3069
8291
23250
60412
1499
8520
22904
7799
4774
51379
92359
4363
3667
23511
6548
25798
51129
79673
56257
8661
27304
23052
57719
170482
549
118426
55346
100526740
154007
55715
55916
9296
10142
64779
388403
5872
27287
22795
27163
2071
8654
6598
54361
9053
6996
79874
441478
56474
10570
27175
57002
6901
23500
55180
23049
4212
79003
10069
11108
254170
1725
113763
92105
4072
113878
2774
79675
8632
1789
282809
48
57122
51585
10980
11107
6988
59307
699
57645
5899
567
55068
54932
744
84976
146712
727910
5529
788
58493
9683
7461
26275
51185
2189
29934
23524
3615
4234
6049
9901
83879
3145
2237
403
23108
2108
56256
25837
9079
9885
23265
5049
6293
54539
148523
63971
84146
22999
219402
55149
64848
7978
25904
55670
220963
9025
126
57198
8915
9869
83468
115817
58472
64430
11228
55244
4089
125058
375341
4648
6591
9837
9314
84619
109
127495
79567
3622
376267
10290
153241
6263
84218
29090
6732
51116
79088
25879
26279
196513
780
10712
83941
3422
1106
9950
10625
81622
23220
3098
356
661
26985
91875
4854
27079
114803
6730
4047
22828
7082
8674
55625
50512
132320
6192
10298
5700
10170
51167
8364
8675
79073
57459
9380
10193
6206
7110
83659
9653
8543
51465
80304
4008
57614
2650
4149
79987
996
55299
443
4580
55296
10569
6553
57107
2119
79443
64398
91694
189
10451
2806
9049
51594
83737
51194
9761
7326
27336
9069
122481
219743
10994
79751
84105
59352
10730
8501
84844
143458
5437
146542
84864
7414
25828
7936
63977
117608
2941
63897
55751
55217
84126
153733
9512
7178
7107
23587
64710
23093
28971
4245
5742
11345
83479
9043
91807
8744
9235
64841
57497
56927
3357
10128
60673
4060
4886
5783
1192
317781
57402
51406
55012
245812
5696
643641
3775
56922
124739
56904
3067
255022
1809
112483
1822
79016
11343
4097
7504
56916
9507
4082
9903
10213
6884
55690
100505585
27440
3092
157
9159
8772
5058
175
9825
23151
202915
106821730
285489
1870
7259
23166
5218
10438
6196
3646
60592
57470
10083
65981
23392
115209
123169
2668
152100
5493
1936
29080
10114
23464
7376
5528
79656
4846
1386
284654
246243
6653
6729
79441
79696
55748
115098
10139
9907
4329
84947
9840
25939
6428
139599
51082
135398
226
10943
8678
9810
81034
5694
1464
11249
2181
168374
4221
5983
7568
4514
168002
25932
23216
10236
440193
3300
27153
55640
5090
26278
5689
10584
2314
57654
7862
6296
131474
55366
57617
340075
51506
81691
55968
5878
1838
121053
93323
9949
1454
51735
1635
11274
1840
23295
79828
8492
8694
81789
10773
7157
10645
94134
2926
25861
55502
6433
79677
8609
160857
2621
3658
132158
30
6733
2195
9744
5795
54858
3224
127294
56262
7297
5042
81493
54558
57489
91304
7752
794
3717
155006
92140
133686
79571
8625
1950
6720
54716
6595
444
7360
100137047
51804
140462
56204
8896
2665
81855
6361
1009
5599
27342
8872
404093
256691
1762
54897
5713
80176
91894
1174
3665
9064
64400
84333
64218
84069
9887
23144
197257
541468
55521
84172
117166
121441
2551
1975
23420
340348
6650
3363
5695
4361
57480
79691
143903
55504
55677
25929
84133
815
286205
3182
64343
65989
23131
152789
79091
26122
57655
1736
10972
2530
10656
2963
1466
9765
7348
4605
23590
200894
8890
79803
221545
5596
56990
55332
10210
84966
1611
81607
116541
7156
9644
51109
51528
9564
841
94241
25979
222696
5514
23584
1906
29969
6643
10563
136853
25862
85409
8711
83878
284361
1108
4731
54802
144165
57479
8036
5534
23708
1058
342926
5706
5335
51692
23143
80724
55207
586
80149
7386
29127
6714
79888
55727
6464
9166
126074
29919
54505
4913
51295
3798
150365
10509
7581
84293
23479
3597
8796
834
90338
1138
727957
55837
57462
56254
91461
3007
9374
124402
146691
56005
114800
1781
729440
50855
93134
8359
10198
51078
126298
267
11183
138199
5424
83658
54929
54972
5007
11157
27315
149603
51693
120534
84629
57658
23536
3396
1269
9831
30836
339448
51768
29079
5791
164
9868
94056
23262
9776
203228
128637
51809
55239
9398
23281
5230
55114
9559
90161
55728
56548
723790
81693
6133
9684
10436
4059
5427
90417
5562
55758
60343
85464
23380
55066
6902
3720
1869
224
22834
3790
55695
3708
5303
7542
222235
9722
10066
2898
7621
10959
4735
55693
4217
10867
5046
22916
5093
80227
339229
57153
63934
51125
382
2109
338376
26973
55355
84289
4779
116986
80206
5265
84928
2706
7738
8406
27350
51317
9372
6197
201895
5439
23548
857
4724
26173
57117
23589
57574
6117
55120
1021
10449
7090
5604
9149
2444
26133
1436
81858
23239
10284
196
55014
23242
4323
4867
23753
4712
347240
54497
199704
1874
9076
1238
51776
7409
54955
84445
8800
57613
54510
55746
641
57569
7514
64773
57478
6747
7478
9743
3566
158809
113
55200
8509
1654
90416
90871
7884
142678
79811
3875
6613
4706
10121
8404
23764
84080
9709
8439
90268
84079
9381
23054
60468
22998
79173
65244
6628
11325
23612
23523
11130
197407
29
91543
9373
203522
9538
27095
10845
81844
1462
64965
5447
23394
54542
26287
8161
79796
27245
10048
6836
130557
6819
79944
55717
200895
5479
211
1069
81875
2070
57605
3965
9917
196074
51676
7283
2741
51264
833
26015
2635
29070
55311
9295
10560
9625
221935
8065
29998
26036
94240
9883
5516
23633
85474
55892
51195
3855
55254
165215
10856
388753
2073
79671
5156
6794
8270
84905
4478
55561
84081
55269
64963
80727
55330
28964
7477
23020
9039
5531
3908
7544
6521
84899
90522
55017
5521
10498
7533
10015
93380
27090
56957
7270
10253
1967
10732
2323
121642
11170
10443
7329
51727
522
23424
55285
2317
2524
3460
262
23376
55647
54903
91801
23272
57493
208
51760
79961
57456
9397
130535
3607
22913
60509
169841
55080
55974
10410
10651
341359
2710
54856
84315
56980
858
79901
27128
55432
6776
49856
79701
4293
1353
11186
8741
7301
440026
4296
3795
64795
8363
26472
55505
166793
9643
83891
23557
23256
285590
84295
9897
5357
26155
2817
100529063
8536
8356
4253
285
4810
5888
84449
127255
283985
54737
2184
25824
116841
54862
283237
201158
64757
286046
3588
55656
57407
5601
55909
29896
29927
9577
10154
23507
85440
10558
340273
10165
92689
84364
56034
8303
84064
192683
22931
23019
25983
28974
3184
23350
4125
144193
7341
10580
9695
92345
23076
1310
10935
10287
2224
65260
10523
2010
91523
283337
100528020
10628
6774
57650
5279
84220
100534012
23644
51028
84675
9855
54809
79876
5429
25766
9877
54039
57547
28986
116540
5876
9675
348262
168544
91107
84271
64097
9702
80764
55101
2123
25927
3074
84954
23594
55156
91272
57169
4041
5819
10574
2624
25957
3486
539
134510
90480
10461
54855
80012
55755
84816
8290
254251
10840
7216
64968
119392
84955
348807
493856
79169
1795
170384
7433
56917
51593
435
30968
1627
8669
23729
71
6655
80162
25870
29967
9400
140465
3242
9111
10636
23564
55633
26468
8260
5699
5078
29775
65057
5530
55701
6597
678
55179
23070
2049
126208
80351
55326
51012
2242
23637
57157
91833
10780
8528
22894
285172
6813
9797
5205
57062
9584
3593
3581
55054
60626
10945
23371
5136
29842
11171
54893
2617
55975
9647
55617
57187
64783
9182
317662
31
2022
55183
55750
7290
9987
2002
9870
80205
11276
81617
528
201965
6541
22
5108
339324
7873
51341
10087
157310
818
394
51696
55290
23660
23369
4821
23554
116225
6874
25894
9546
114836
6610
11266
10609
84908
29078
51752
79644
64780
6452
5073
60559
5627
5481
23096
9104
22827
79004
513
57761
10905
1650
79001
182
65061
81926
2023
5298
9133
9535
84270
7634
286223
55784
55118
10043
55920
22930
4007
654364
285193
92106
9648
10263
3912
140685
2512
3141
1163
55454
4882
2897
51234
1644
51182
1207
148103
7553
134492
1001
128178
4043
55742
10013
2886
158399
5062
5435
60686
51690
84138
8344
3656
399909
51422
129450
3759
7965
84934
10758
171586
445571
1609
161742
25825
7391
2742
3024
203197
7349
1203
26000
4931
3216
587
55034
79621
57147
26121
5361
164091
3895
823
51143
8346
3339
5478
9775
10479
23367
79624
3202
9056
102724307
10801
143187
25771
79726
9847
11316
7263
4281
27101
51460
64094
54867
5728
22846
9654
57508
2296
5789
124808
29966
25984
4781
387640
114034
112858
22878
55578
8354
5586
7458
80223
3898
3587
29068
5606
400506
23560
57554
239
57449
23313
1891
346171
10482
9352
8195
85021
51637
10726
9710
114790
824
26009
1365
10672
11231
9423
3910
4700
201161
51575
284086
11078
653583
1478
9474
22983
7543
64432
126326
283229
7718
23339
9611
91893
79891
113802
8795
2937
5268
4520
5698
118812
5894
56650
225
27044
23074
51203
1892
55593
7637
22937
9197
10100
5910
267004
23264
283489
10061
55776
7307
121227
124997
2766
113444
3157
105377067
345757
84959
3576
51127
123228
23379
8342
51742
57799
57552
79034
145553
27068
5717
83894
51530
51004
51510
388135
578
7716
4208
57533
55831
6132
23435
3605
6484
65990
4135
2674
56674
6430
79066
23411
1303
64220
6689
9727
395
6235
3988
9073
23353
994
5801
221785
5909
65095
5291
79661
23098
134111
24148
23327
83447
8676
5947
3425
181
27072
11122
4216
116840
93233
51503
3845
9677
23677
23456
22954
7786
7991
10239
146923
7100
11000
51110
7105
10428
342977
285180
25921
8861
84232
7023
151473
64216
9342
5999
64789
81631
23157
5982
3489
387357
85377
5792
84273
5663
10763
3915
64787
11094
6096
64762
8417
126526
9110
9902
84263
4927
10489
153443
29893
171568
64802
9219
85302
165324
10613
114905
6942
139716
9516
94122
83694
728635
8504
9054
4833
51364
10001
220869
221472
50813
84933
285761
89790
9943
10611
54434
79780
92714
54934
23167
7112
64210
11035
283807
23770
9217
5832
7057
5098
6477
27125
6652
4701
7415
23493
29015
58497
55088
79616
84281
113791
9572
11180
374900
90273
10376
5993
84952
5330
150383
445582
115752
219854
11169
54344
64081
5540
9824
2009
7584
51661
5763
57109
7733
8887
10203
6009
27297
11227
10163
6299
64087
8658
2846
23247
285237
10464
119710
283899
4430
4869
26259
54328
3957
6550
3699
10885
5178
5095
25898
4711
8312
3176
54793
9895
29984
747
79789
128434
134147
27243
55214
7709
57549
26249
201931
10922
85406
79020
29995
79008
1278
118987
55810
3954
91
150468
55152
389114
2354
7515
8554
54495
7089
653489
9448
9360
4668
5881
2769
84524
54674
3190
5536
9150
5902
6185
51147
80018
8570
54475
25778
84129
1737
64761
3175
374882
89958
5971
79140
91252
7220
153364
115024
10452
10799
100526832
148170
51118
101059938
8574
63826
57017
80745
54859
5690
151636
10551
9122
307
79893
9600
128061
2040
11267
29935
115106
9946
51024
9697
5985
3778
64422
6940
84267
4193
5050
3012
98
4599
5164
83590
55127
80851
7174
6939
23102
5915
26051
113455421
9501
85015
5229
5393
2168
5142
1657
9
360023
10252
7480
29923
10771
168850
148266
2232
25836
9657
23211
80004
56907
79884
11132
999
5373
84936
7841
4013
9337
7388
1312
54819
139886
84312
23318
64925
10456
5998
342945
84759
51319
10017
10316
3842
8773
51068
5105
26190
54894
8220
51114
1982
64895
9402
26512
2696
4052
23476
554313
22850
54733
338699
7517
64866
81792
85415
288
5734
79659
23326
54552
84916
148423
1977
1778
6499
57007
400
57679
5208
3977
10231
8301
4146
65059
54852
80737
11215
10078
375444
727936
7620
9712
51684
9127
57565
401505
80776
6723
50861
120939
10483
158067
1040
55778
998
79827
84553
114984
200205
113220
9044
23533
7267
7337
51703
27020
6830
285527
282969
9965
23670
84617
5711
7429
3329
25893
4665
51196
4929
127703
55601
441549
7019
8411
957
196441
375484
80349
166379
27252
7084
19
64377
51535
5253
5289
55023
5224
6271
124801
55197
256586
64760
56128
105374836
51157
56052
79415
4831
24149
84186
126382
6041
286451
1745
2244
54776
9476
5159
54206
10181
219738
57380
8336
4643
5612
55167
144404
8853
6125
6632
84951
57099
337879
57727
79979
57482
10345
5564
26993
23002
51075
8651
23300
4194
80011
22794
1159
5128
27349
6048
4147
6615
126626
23160
10011
6497
26086
57496
27333
10
245973
100287171
163081
538
60493
122773
27183
26005
84717
55568
84726
27036
50804
117248
64855
64072
221443
6373
1370
81559
2180
50615
83460
84062
808
5358
56992
11092
9375
142680
56963
8365
92715
3728
6621
229
1997
29803
81873
5214
80271
84668
660
81575
29886
338707
6249
1072
8548
114822
26577
90637
64946
6338
23193
10804
5476
23232
27156
57205
63898
84941
4720
11145
50964
817
80142
55284
961
6272
83481
266812
128338
91442
83608
122961
9760
51343
57092
57105
1797
57562
6388
4493
55851
3836
201627
6449
11022
84859
16
2801
7171
218
27258
6337
2104
9737
1993
3459
89122
81566
1073
22955
79583
26156
79414
7508
23309
28999
10248
2622
8243
55691
713
23368
1514
2264
94081
257194
2992
141
79778
55083
9175
8720
7368
84107
9223
130589
10454
5589
56977
4734
5366
55339
56062
64927
25949
56940
9794
131965
116987
2794
2274
5861
126402
4948
80864
100101467
30820
163050
220965
56941
84262
55863
54973
23386
30845
6358
9421
5327
112
54453
3679
112817
57728
6580
7111
222584
113115
54882
3340
10384
2550
3696
6100
53371
1649
23111
118472
55052
51199
2564
1456
9666
84317
529
374393
2281
8846
56006
138065
23530
55325
56252
54806
51569
5900
3420
8863
79031
5502
160897
7268
79798
11201
4338
8989
54896
6590
55486
84330
7419
5320
79178
831
23005
152518
130399
81544
80023
60485
11178
29881
64976
10587
154075
6950
60481
132671
153769
157773
3418
5087
79608
5176
10003
80007
201292
55529
25777
197
6814
63910
54960
23396
1939
23138
84647
51155
25874
56910
51250
57659
91452
5870
23225
55322
5591
114818
3945
11074
54496
80243
2760
5318
51202
497661
54902
9878
283927
10602
