89801
59345
56341
22931
54499
7862
116843
8548
10750
8120
10195
222194
537
51263
64285
55337
6928
867
10791
55361
81035
100302652
51167
333926
57157
122060
26084
6533
3326
1380
7168
1267
785
4541
10497
55552
387755
3762
6195
283234
5935
4297
3875
1810
3831
152992
406
11154
63901
26145
5867
112942
54785
25880
54468
9663
23529
9618
5600
10048
3549
148252
4704
6546
6159
23277
29916
84000
399665
56478
10808
142680
79774
55308
3480
23046
10193
81627
4715
144501
9070
151636
7486
2113
753
93621
4830
7711
8455
5526
11091
79656
145781
3117
3727
55904
79086
28982
83882
23521
3364
5204
2203
921
54899
7029
148
7407
84070
27185
91978
1070
2202
3351
10694
6257
101928160
2303
9451
10189
57097
8086
727936
254528
6536
14
4141
161253
6709
10318
5464
23287
199746
3015
55175
51277
54915
27161
56889
51399
55174
197131
200081
2011
51441
3775
5269
10053
57610
4817
48
57707
4069
375757
26137
3660
132660
5345
10682
85016
10623
9050
4048
4902
221184
9771
55070
11102
163590
4137
5293
94015
3212
10912
79954
3620
10247
51315
6832
64220
55623
26286
8630
57187
80032
55127
10131
6294
7220
27089
162681
150094
57494
201501
4999
6643
463
51204
1727
4613
2752
55922
7738
28984
120071
114818
7879
6871
131408
64288
9294
25909
124044
9196
5372
5997
9590
219854
10605
523
89795
2122
58472
57146
8728
4287
25878
79102
5618
2123
5250
54958
230
57037
891
55210
5934
57045
10540
57546
5188
944
6342
55257
2719
3199
112950
84699
4649
9688
9640
8028
205428
387
91584
4820
7275
6259
5437
55273
4758
201626
64417
5713
54941
8674
166614
1978
5164
1124
10549
27291
4739
54850
9258
3726
54549
51027
26015
4703
5151
151188
84619
55336
287
79843
79921
2747
80311
10399
4927
23580
55628
174
81603
120
26270
1676
51554
115708
65220
114905
64135
9131
439
55974
5277
23011
139886
22944
221472
2733
29103
4913
51142
23650
166378
93474
124975
339834
3234
63935
56776
57545
84923
2805
163059
8692
8861
162963
10140
117584
127002
55861
8833
83539
113523636
79719
9495
4520
23164
26228
6348
56894
257160
91
64798
10726
131544
257415
2683
29934
10068
9790
5283
1181
10211
415
65250
8501
94104
1824
4148
84861
552889
11184
2109
64089
8519
51339
11185
151050
6733
5292
6045
64839
10658
9529
1512
23469
6239
9657
79634
58512
390637
5662
23658
81853
30837
22875
51143
51564
23253
23185
1844
55323
115572
10462
7851
56241
64430
7994
7097
66000
23175
113655
147912
112398
22933
11335
5252
11156
2209
5128
360023
80145
10010
1984
83440
146057
3092
8522
261734
55697
27164
51170
1007
27097
201562
8242
2262
54458
283489
1645
8825
84547
5588
23023
23551
169026
57184
10467
7260
368
2139
1301
3167
23509
9306
6193
5528
375791
2615
6996
389541
149461
9244
283152
64072
28987
889
3684
100131017
26747
152485
90488
8178
22901
84448
22924
5873
26873
5558
150864
3728
4795
10972
23492
157680
83982
64223
7922
29941
8914
9924
83699
2647
527
116113
150946
63897
25832
151
92667
80851
1653
84303
29071
51426
5162
26507
151531
55658
84836
5028
9158
11021
8517
4811
112869
1656
8646
285489
9666
10948
54959
57414
23481
11215
401145
23309
5422
55711
79075
51070
5985
128344
8546
4603
166824
1632
2244
55268
10567
148423
5178
128637
54976
80028
149175
26
1606
6329
8379
9135
79696
24137
51619
10054
51768
84294
285498
6404
5531
400818
4940
6729
113277
25893
3482
147923
10219
28970
55856
8425
3561
27069
22920
92979
87178
79133
1763
3925
9871
90410
57018
6397
30833
23513
92154
90835
112770
5325
24139
8682
54704
64400
93233
140707
56052
9473
60684
5192
55243
11224
81628
284098
10412
79768
1630
9738
129446
84061
338692
130827
5987
5756
6884
5140
84223
94274
54940
55071
80169
10652
2317
145226
91683
23466
23395
3476
51440
9820
57332
55270
200895
51193
399512
9351
55830
273
4669
23264
10994
55531
57630
126917
51606
84888
201134
5050
8411
170506
245972
2132
373
8892
84326
2186
142686
3216
79720
11167
641371
208
79591
83862
84904
83786
51184
7360
51267
5091
54878
1977
5786
7586
23063
10656
51230
8717
56005
138199
201965
25902
57113
9702
4707
8029
23034
6916
23386
54925
7454
64748
164832
23400
112724
6789
64943
1453
65095
5927
57657
101
7917
55341
5970
10840
23136
222166
1435
79886
83607
9972
79053
7849
84501
9181
3645
1906
3308
2086
8092
55966
80896
6499
7225
23067
10539
80005
64781
3680
10439
2946
114784
2702
155465
196051
221400
5921
84246
58473
4175
253980
341
64175
5441
8738
388962
54903
64127
28971
8562
1515
7439
90480
10283
10302
144402
51805
55101
83985
9229
55669
80000
8192
51000
201176
80267
8800
284361
51186
51191
25904
8315
8650
321
51071
8575
4151
92521
6715
402055
129303
255877
2224
127
2939
22949
9654
93663
57462
9150
1762
5303
8882
84947
222643
10566
1326
284439
4221
1611
57721
10471
4440
6697
6817
220963
63967
133688
1051
11064
6610
139341
140597
25840
340719
153642
1140
26577
7405
1789
23239
6009
8669
10802
7936
54463
51734
9915
4140
10733
2051
10391
83547
729852
8665
7013
55347
4772
1020
142685
10747
9052
1195
92335
23451
55529
466
414062
63905
2744
25851
116224
29066
65003
567
9482
23231
11014
51061
445
112476
148932
7424
283742
57451
57593
10667
9990
4850
10452
240
54931
2302
84645
9551
130576
64062
1952
2625
10556
116154
6158
79818
6000
2004
56061
8520
8148
79744
493753
3858
5167
9532
90952
55190
5267
23304
1002
219285
161
7306
202
161424
7317
54332
8767
644
132
92104
7752
162494
6403
84897
2166
1804
138046
5914
221458
79805
5802
1540
2241
5394
54629
65990
55036
493
9812
158747
7247
283
221895
57128
56850
4072
55692
10762
7163
25999
113455421
1287
55143
148137
91746
4256
8443
10320
55843
353
984
5939
5423
81839
8912
199777
5898
100128731
55920
27115
9241
6419
9353
9817
203069
637
2706
23198
727851
100526832
6687
3237
22954
51611
53347
388325
23761
9317
22822
84079
80301
4688
7296
5092
5928
140459
57648
9373
65109
2781
2247
81579
80790
84146
23491
7020
158399
7368
2673
259173
150465
57505
79913
4904
5962
110384692
64419
1559
11183
55858
219899
10607
2975
51735
387640
26953
1576
51540
57621
55759
11067
868
388536
7102
57050
91603
11171
25790
64756
6833
3663
3490
1841
80162
11080
154091
11332
134430
6604
84196
9811
3177
793
8801
55326
6383
127833
8644
56243
55291
283635
1281
6591
51804
80763
7003
26762
5073
23636
51669
23076
84154
7098
6678
79991
399687
11073
9934
51776
23417
4437
54861
55294
64115
9400
9678
593
54901
4211
9826
29085
10213
5210
656
7869
4916
245711
92675
1489
8224
2580
10979
6302
5536
940
94
479
23324
7525
29108
84650
5827
23637
55142
1209
6142
654
66036
8773
3980
79939
3687
8558
9063
134
3399
10767
57178
22899
64975
84164
9001
27102
57654
421
56829
1600
3275
1773
83478
1117
3382
23225
388372
5502
92129
2937
7248
57622
9955
4131
9356
5106
84969
7264
152573
1072
6161
10766
6875
7182
8629
10400
5031
64978
5321
5430
7579
8886
7580
23012
4719
2268
5533
83734
9813
57731
7621
51513
1362
58480
404734
28231
126
3423
4496
2729
400673
64282
350
901
10285
643836
23288
29127
29880
92822
57231
168850
51239
9051
54991
207063
57192
6667
8819
8715
11083
54840
1056
51004
23517
10980
6863
4135
23464
5930
63970
313
387496
55040
23555
91368
132299
55032
6688
2799
9743
1947
133686
9022
124245
23099
134510
10099
51164
9360
10480
116138
57733
10686
23254
3485
9786
150
744
29924
4648
200931
54495
26472
10671
5778
4828
23258
23189
1809
2170
5229
10949
91151
4007
284695
9749
4775
114294
23523
51124
2353
716
79800
22882
137695
10721
27434
5603
7775
246330
55204
7750
56851
6665
7474
125476
83538
84268
10641
6469
64805
56650
5529
57673
5584
7528
7514
114769
4886
157506
94097
56654
54887
478
219333
23093
84296
84300
6786
161882
57003
79959
5042
7066
3560
4133
27347
5469
2697
8220
254122
3178
84282
2859
9136
23212
57102
473
4214
84276
387914
25798
57689
6401
100129654
23743
9655
636
22978
117854
201163
54675
54816
196383
1350
1783
84465
55693
54521
51411
84313
392255
2195
23518
51710
113675
10087
3233
29951
6277
653361
91807
64743
7716
54455
84256
79758
64900
151195
23421
199920
8626
85441
10551
1942
54790
256471
54948
65251
253635
4907
8483
64976
91694
7867
6508
7292
54961
9585
10474
7779
2521
2
342897
4967
114879
27152
4539
11165
25949
50488
23301
168374
29104
64762
5792
9016
11325
2205
155435
57530
7145
10008
54808
245973
26508
1139
4143
55075
1831
51599
25875
91624
64359
23357
249
26027
9146
127602
64112
80323
26750
11099
6414
54482
10075
9863
51309
55615
21
3631
7812
10110
23064
5018
34
972
157285
84309
79842
388677
57095
10659
7378
312
132320
10813
55680
51545
84612
25885
440275
50854
9890
23013
7342
8694
56886
23640
80832
5967
403313
199731
1371
24140
197358
140706
84148
93974
29968
7733
10681
117143
55106
10181
27340
987
81858
11235
143941
80824
2230
1014
27247
57492
51526
3852
10451
2167
65981
9894
49854
11315
84626
78986
430
10015
6662
84433
9362
54039
57489
754
11321
55970
25928
79065
10998
643853
149603
140680
114757
54550
9968
80108
127428
26353
29974
84083
10509
5925
10125
729830
78995
64284
79567
286133
3310
56126
11230
5926
8225
6196
284391
56995
10735
5165
57189
79943
80243
221091
55655
63874
83638
283219
59271
50861
5094
53616
84893
64344
80148
91977
284058
10432
1291
5104
2717
9797
127687
57111
22936
170394
6183
86
9910
823
491
123811
54600
54439
80119
135228
9189
8879
3340
55668
80007
118427
2762
10231
3270
51506
143162
6525
23283
8480
9673
57017
6932
9026
51406
58508
84678
51363
340156
199223
9948
90204
9499
4908
84687
150684
10396
80336
7703
55825
140460
56944
3148
1290
2125
57697
55007
56648
79083
8050
8291
84034
57488
63916
167127
139324
4952
23171
5976
375307
7802
54491
2146
79595
4591
196403
837
1639
23043
27156
467
6649
5241
10154
171024
56892
1982
441869
55345
63976
11020
55112
28992
9077
7070
27180
4293
80823
348093
79135
79642
10434
80381
966
51371
26093
79741
84955
1807
29098
9476
256714
6815
7123
1213
93973
8662
58506
7444
51715
4157
102
3084
5202
4218
2822
8547
83939
5214
326625
84106
105372824
56172
83636
64764
6713
84128
26984
284106
84618
56311
727957
23244
9531
81629
4582
285148
55454
116443
4129
10776
5734
79729
25839
23338
83988
27043
57541
3563
11164
51560
85457
4543
6944
5732
80817
200558
10159
23363
7707
10475
57153
285282
9542
54726
11190
1657
55785
27128
285555
5797
10278
7542
4853
6448
23255
80063
284486
9583
5139
26224
2672
64772
4799
84327
6423
84444
58484
88
9794
4776
22888
90649
324
25926
64333
84916
51260
23207
4238
7589
221496
150737
4948
204851
5704
9256
5775
123
10273
79171
54843
56255
155061
23516
9477
84318
125919
51317
81550
201305
5596
163081
5546
51379
4494
126133
7158
5581
5864
79674
11132
7072
1355
89927
22906
3123
79090
728441
210
10263
22870
5688
22843
92092
10657
10078
220136
105
27336
56103
2824
5836
158067
5236
64326
285596
56940
81552
8916
158471
90580
10559
84913
441549
10736
445328
60370
63940
64422
23191
79632
26973
730
3176
5885
10137
57223
285600
90506
11034
93349
5979
79029
126393
2992
7980
50486
90333
80762
147015
388695
3998
83590
533
4935
11284
1158
51538
10165
2720
22801
4946
135114
83987
54716
57558
203197
56928
140609
23423
6051
780
11186
6303
55781
64979
6185
9364
3752
11342
79924
6936
761
55914
896
286410
23431
147841
284677
64423
134218
2181
128710
26960
55884
26993
55090
6780
8645
79173
28442
3214
2073
4034
58528
27106
340348
83878
3693
29985
150372
5116
392617
55147
112483
25800
7477
55553
130013
23166
2309
55352
246777
176
27143
81537
169200
55578
27293
7804
54475
10393
26039
2998
165
6623
60491
55969
91752
11179
2954
63982
50804
4898
80018
5054
339761
55972
6421
1107
100874074
9519
79888
5411
151295
6047
157769
5414
162989
8139
1019
54
3236
79706
26098
7347
55179
6203
55863
54949
115752
334
222696
2584
163183
50863
10402
262
2542
7127
4610
4350
93624
51362
51
79778
7033
6782
140699
57110
5990
50813
6588
5522
695
5294
27329
3418
11345
79983
56667
51208
274
64853
55041
57407
9687
3295
285605
8079
79670
63925
92922
784
1438
57631
118460
26146
127294
2207
163259
4716
83986
5315
6895
6366
23256
26022
91050
51019
29894
1945
10999
23242
79596
153090
91452
3915
149473
3304
55892
3683
140290
3575
64766
196528
51361
118487
93099
10960
84872
25843
128061
6117
2138
8842
84264
57828
100528062
26020
254013
308
26986
10946
6468
1032
10924
643641
7016
23177
80036
11228
80013
23678
374618
79871
10129
2668
5690
57523
55768
23215
5521
81689
10178
4694
342371
7709
8818
284434
5310
54795
158293
9066
9144
53904
28511
85302
65009
84911
266812
84226
5826
5228
93643
2553
154214
4050
10734
27238
25934
2947
146330
51310
144983
202658
2582
29843
166379
28974
779
139322
1620
224
6529
1524
81888
51222
64224
55299
54433
255967
9639
2639
58526
55154
51678
51294
5563
1964
137994
2617
65005
828
11231
28991
79817
7087
339804
84245
767558
91768
7884
6385
4793
55052
117166
84258
5097
54888
5365
79622
349667
9175
9886
54619
79932
8570
79807
9581
1936
119016
23020
8974
10800
79147
22911
51012
90485
51375
574406
100132074
8106
51650
10420
8637
8723
25936
1059
3486
84295
51258
51090
29058
9126
79088
283643
388135
7134
28973
6299
29094
146862
282991
27250
5147
4998
10985
55756
9414
84968
2050
9718
29
51147
7782
5570
162966
5892
1478
11056
116832
64151
51421
134553
7050
55824
23077
5878
5346
26190
55125
102724488
23568
54906
3421
3673
51205
151194
9128
83451
55466
80021
55663
5580
118932
10884
6887
26091
64718
2059
10221
84811
283578
55259
2769
5566
9527
143686
389170
1295
134492
51547
64063
2743
56897
202333
129049
64779
57221
51116
113220
29789
2533
51575
221264
389289
29086
9821
80198
143
4899
51566
4130
7905
26035
9217
162427
51537
5297
361
140461
2188
85019
10335
54440
64077
6453
11226
6133
8078
60489
10574
51692
5467
79809
8910
10636
51065
54987
91445
25759
92799
25758
375387
22806
91775
28512
9706
9861
56144
3182
7385
23148
84190
10981
9701
164684
253143
3977
29883
6503
79845
6993
140886
7745
10933
6777
5516
130162
7564
92421
5699
9870
55527
23396
3795
10395
2960
27068
18
3741
5110
387923
24149
84892
7251
128077
4969
53826
84959
83463
92558
55450
7390
91300
10180
1838
943
259
84445
548596
91663
64102
59348
2157
56938
860
9232
3155
55252
6942
10206
11344
5567
6595
1212
56254
10072
29115
65080
55379
116444
5218
1308
81619
554235
51155
55002
399979
29948
54834
10910
64137
90326
26034
22894
64844
285367
23327
51762
55111
57597
140710
23269
81532
55764
10236
10777
2219
84288
255252
81932
10598
6170
57472
6154
55929
84986
56997
1263
1780
9601
1760
220441
137964
83707
84867
8405
5255
6940
200316
965
389840
2002
117608
5244
11278
5413
3329
28958
6586
6836
23456
8991
23303
92715
55862
4535
51154
79134
56132
1441
55332
3704
7965
27440
80185
23017
130888
80219
10914
25924
65992
347240
55609
55819
9832
57571
8214
1861
10454
10209
26355
8813
56920
8045
7099
9073
51059
23729
84187
55749
10436
874
84450
30815
6483
84219
7110
123103
689
23549
54904
117246
131118
9167
4600
259217
9044
2068
23271
58487
22930
26249
6208
10464
57171
10892
57175
1636
3996
84179
1087
92255
25976
1642
728642
7276
84950
170961
23584
84722
4232
92689
123803
64753
25831
28988
5803
5125
5096
27233
27244
51398
57587
79058
2012
23240
54621
79071
22884
1523
112487
26230
8690
128977
11333
9322
8454
78988
9921
8907
648791
23080
57222
23332
57002
51659
90809
3087
252969
112611
22807
23322
79707
84838
92906
7022
23218
51602
3707
91304
9015
64699
2531
1192
400073
104
10991
92815
54988
8636
2800
29881
84928
56993
5265
4200
22845
26278
23150
4155
3816
3106
55072
7705
8557
800
51296
9764
22985
84632
11168
5810
58515
57007
84464
115825
50626
56848
55501
57580
56963
23022
9899
53343
55015
2252
376940
51400
9139
79180
127733
55135
9397
394
5291
56605
85480
64101
4718
30827
55869
25945
6873
84312
5733
22826
137872
54984
57216
10728
29072
23119
79762
9765
57730
9791
5901
9962
84277
10362
57393
128853
7026
80205
79777
84058
9472
54102
115106
3215
89848
9415
79947
8850
10632
22904
6227
9855
6301
54344
7541
4093
23107
222484
339366
2550
91442
3937
642
23234
23122
79365
2184
55681
55432
10898
132720
3484
23293
353322
23072
10867
8853
3337
5156
55034
64841
29105
4646
998
57082
55219
23683
120224
84905
10965
112849
57188
57127
6523
80319
10950
23406
8038
2048
776
9693
80086
5889
6892
6048
126382
51514
54965
100507290
151354
55726
83605
727
167359
4337
81566
23424
1071
81786
57088
55322
4695
143872
389203
664
135295
154
5624
2934
10225
5119
1678
84301
23522
11031
25942
971
26153
51741
6191
4931
10251
51340
54960
84525
4066
1163
254428
91582
2736
84275
2042
23089
653519
51011
64786
11275
29855
27071
286148
9739
1910
9470
91408
51187
55845
23376
133
2053
80144
84134
55171
5877
928
54517
339487
56852
84173
56849
7162
6883
3710
6041
124411
27065
9034
2670
55062
64283
23426
81533
8569
3679
4814
3181
23408
55506
57644
6293
10614
221711
127253
25879
7625
64342
610
57611
5586
347
7978
7005
55
60492
7695
5295
6198
3987
8622
5715
4015
7038
6813
84447
414919
6141
64754
27236
6050
9823
23041
84166
22844
4676
9836
57211
6820
403341
10
83460
9967
79068
54464
4747
11227
80006
55612
54805
145957
55038
115098
112752
10153
572
81553
8550
374900
2886
6580
3190
140576
24146
9619
375790
5524
25948
1119
79794
64149
10171
3159
1407
3218
154043
1738
490
257019
975
1241
10447
8887
9392
192669
150274
23194
80204
2560
5973
27436
65986
23116
59269
54465
316
1621
55876
6788
83548
10279
91869
27348
1389
27101
375248
1968
1741
54539
55636
55023
23086
225
7555
80014
23032
9779
55600
55608
79644
3001
80320
22883
114785
255057
9296
3303
23139
64207
4043
8407
864
9610
100533183
54700
26985
4301
156
55254
2870
26108
166815
23613
9798
6535
348235
6721
79364
64174
256435
79586
1946
151903
8642
84886
5500
64429
3738
83857
83943
9918
9776
1284
10421
1120
5420
65125
8793
4085
199953
55902
79192
8409
10973
84957
401548
25837
85477
51386
80830
183
9576
30818
121260
10326
102723728
103910
5494
79971
160140
55568
80258
55471
80303
23241
79958
9637
92703
9650
4192
10611
23111
151254
3572
135892
8323
140458
127544
3690
57224
9202
23512
55604
85439
9107
344558
54437
79647
22980
84701
4345
122553
26512
64506
222171
5211
4359
353189
9667
8019
25941
84833
213
51571
64098
84229
10083
16
83752
64783
5239
57560
79730
596
10548
63891
90864
9734
55148
221477
9101
6456
404672
22902
26046
5361
7155
4536
57794
554
3235
25963
79074
51087
84661
57572
9429
64689
55240
255488
2802
9553
642273
23770
27109
6645
27257
90321
759
8851
54674
64755
26958
7976
84816
64847
90693
3638
6882
79692
114882
6774
29095
6204
200933
64432
23731
7511
80011
7352
81563
55275
136853
57172
4150
9179
221079
58517
1879
3231
3263
9777
84247
149420
6519
9450
322
7389
51490
84306
2254
6949
389362
9020
51372
8313
257629
80726
246269
9401
2239
27037
10849
80168
3976
51295
4839
6877
6256
56521
6166
25978
5782
1272
6641
79890
282974
27352
2627
260293
125336
4675
51091
55188
83732
9831
55367
29101
11143
5067
387856
5664
10280
2149
5653
8672
25970
59341
23313
84067
387338
23787
51569
4302
200734
4804
10009
6156
219844
55509
2767
55626
4862
29890
9453
100133941
84305
10873
165324
5016
4507
6169
7106
372
51303
346606
3790
26523
11214
4311
84311
26574
84935
254863
55723
51194
147807
1454
7057
93185
10725
883
1102
5433
79731
202915
10472
79648
5800
163033
79441
10655
7852
80764
6541
400961
284403
6693
6484
200185
22984
55743
261726
162466
140738
10809
6280
8706
5525
53354
64407
84769
1310
7881
8417
89884
3338
10309
1052
3240
389015
7520
10239
2819
110116772
9522
25992
10343
4485
79070
2872
51176
79175
2100
1811
79767
26515
51160
84273
30968
3594
8226
6734
55695
26586
10220
23341
6415
10908
4580
2047
1299
10552
1725
7348
85021
196740
9064
55277
1374
79892
11169
9939
23623
9314
8073
3070
203111
284207
56616
9604
2562
3475
115704
5499
152926
55727
23008
4306
196883
153643
57722
29796
24148
50937
3039
6326
3758
10923
9019
53832
84289
51493
2074
142
708
154796
8431
57606
55425
7535
10294
4134
9647
10947
83692
25998
10162
8772
65055
339229
9315
9805
51138
8804
29760
57716
51478
10845
433
79143
118813
1558
100652748
205
387521
3500
10349
642658
131566
85415
8216
23498
29919
4059
4915
8743
80856
2324
51759
2593
29057
9603
55971
3712
3636
9806
79626
54923
462
3614
25898
55718
54776
117154
9978
113540
1337
4923
63928
3918
7412
4528
5917
143884
84243
11127
375287
163882
9491
84706
9987
64081
2811
25861
23361
79752
2255
57787
51282
55068
283600
54814
9369
22919
338
92017
9321
476
5048
7335
3257
92935
147685
22992
115557
55778
3376
92126
79896
113791
23463
55621
23367
22881
770
199857
3315
79977
5504
5008
91661
8623
254048
6237
414189
56898
3096
949
6651
3607
40
54480
129804
84530
4835
290
338645
280636
1519
55503
286207
91544
255758
9985
23179
22821
6666
220002
7855
348793
10244
51427
51092
89857
92359
9767
1591
53981
79178
8492
23031
55183
140545
6935
3135
55859
9487
50506
9170
140890
5308
79822
26267
8932
11222
3035
309
79699
5158
79589
8942
56063
9097
11340
27429
57179
3038
23078
400793
153222
846
23765
1635
26058
80199
10102
50862
54947
57144
1062
8436
55810
10640
1767
55164
9852
51209
3612
284161
7329
396
1060
200845
219
3725
64928
254295
100132406
25956
1875
51081
28964
4837
7942
11170
23028
585
23220
90338
3203
7024
728340
23545
1577
2294
3833
4733
126070
8697
54546
116449
143187
24144
58475
81605
6744
11343
26061
54467
6870
126328
6129
57176
80004
90102
9578
6138
8303
10578
80196
83855
5551
9586
8450
6296
23786
10758
90417
27287
9665
292
6238
64210
27304
5168
84866
9958
4087
10327
9722
113612
11117
139170
23409
55638
55086
57551
57584
22846
9677
55362
8521
79841
221154
4240
9592
57475
55320
11138
2820
285971
113828
1203
11261
3281
23047
79366
6430
9748
83861
65987
51316
10465
129080
23403
641
23646
85378
54982
54583
55120
342667
59277
55930
27125
9731
115703
51103
7620
9043
103
4162
23152
79598
388324
10575
200205
1742
6339
57684
81573
834
8027
1857
7069
55250
56900
29896
8165
29907
360
64087
113026
84622
51552
6574
151176
143279
1962
64792
2635
255104
4628
55508
2022
51368
409
79155
10413
54665
5912
9205
57649
93129
25938
8667
351
51596
54970
624
5443
165082
80025
80818
64393
65062
79073
26225
7148
27165
54969
57118
9580
10955
1009
246329
813
4495
57623
10668
55093
11338
2548
10732
11005
56935
726
10051
54974
57458
84144
23014
55540
5788
3371
119559
23612
1514
200186
94030
8464
26005
4651
93627
8639
57693
79654
7784
521
84709
64599
10328
3099
8505
6447
10765
10693
6902
808
54443
7341
80333
9684
128989
54329
51635
4815
55349
29927
284996
23187
112609
6655
285141
10969
1048
4725
1525
5082
285556
158
9741
100532736
9475
5194
60312
197370
87
175
440270
154664
23536
4124
6566
645455
10019
55161
93134
50848
26519
140465
5636
57504
55083
3298
4689
26505
9575
84549
7045
116540
25957
55571
57576
11247
79825
284992
10916
56731
816
256586
2771
51592
79159
440093
57678
4035
55290
91523
22903
5879
2651
11063
7373
60509
55248
54822
11266
25937
8435
10073
348654
6992
3592
284076
3753
28299
55324
9489
51507
8729
11157
10861
1880
79849
80347
10907
2013
8634
10389
84126
57502
63827
10773
8021
51002
26038
4193
6310
124790
5743
197342
23263
54936
26229
22880
3801
286077
283385
7593
55795
2288
3219
7227
2926
56204
90522
55585
8314
79783
84541
55715
2965
92305
1723
1347
64421
216
10082
10390
10299
10476
9784
54872
10903
126074
2731
113802
1234
55234
51162
9802
54386
3671
3434
80725
80728
113179
84364
25911
25814
7336
3698
121536
84527
10127
84749
55435
3835
3267
10516
93145
8633
55917
1468
10200
9711
84081
3428
149371
81544
2817
631
114548
23428
2675
3576
56901
27090
23405
147808
6461
51666
10061
54826
2072
9249
55596
85465
26090
64219
1174
55748
26112
10899
126298
54963
124454
538
595
7841
7443
23616
54832
150771
23192
79158
117178
47
5905
2957
384
9371
84978
2549
26030
84878
10269
6737
79902
8395
4247
8763
651746
10672
8518
4905
215
8204
25888
7257
22796
7697
1662
130
1266
1365
8881
84437
23596
2356
51085
5682
222229
169611
4745
51268
3300
2289
2931
23210
10524
54107
6493
1890
9877
714
27030
23550
10383
9559
154791
1175
7083
2641
6504
29068
148254
8451
2246
5523
5451
6934
80351
1909
79002
6723
25946
3694
862
93109
25816
64963
221937
7216
133584
2168
57701
23774
80150
51119
79736
7286
23370
9219
7456
9988
3109
342926
6399
55173
54206
84266
23195
2483
51131
6188
84630
8999
63979
1292
4094
3981
60313
9507
100271715
23433
64777
79801
57402
5002
2941
283209
79712
54749
90933
6284
79816
5216
10634
659
2171
7543
1137
55757
51463
8635
10580
55222
84668
27086
5340
9098
60559
80724
28990
57478
2888
25777
23385
55937
660
5641
253461
26277
9609
56265
1730
9659
51062
55690
51248
4259
96459
7448
55199
25865
10360
84457
57599
8266
145483
55684
2782
1475
79646
5594
91750
977
953
80176
11244
81929
116039
6199
114609
23379
51114
91833
26528
219402
81556
27042
7392
5471
22955
55803
57168
161742
4091
57561
7913
84680
92211
344787
81608
9468
126820
5991
905
57453
5549
3419
2187
9208
55422
29080
203062
56474
2273
85403
6553
91289
11264
1690
9913
55024
8482
10650
271
7164
3171
9446
9214
22850
728340
65243
91689
147657
1802
2346
142684
7644
1490
2972
3615
10868
51202
148789
5195
64582
5725
55964
367
154075
4126
22916
10592
7746
55846
23511
6355
7739
149840
23360
2322
80206
119032
5793
1364
58155
8543
128869
126374
105374836
90007
9753
55794
8239
286204
10691
24147
85458
64856
115024
55909
6093
83871
9245
5245
5860
2299
7597
2882
162
22847
51076
64324
10919
285855
4325
7181
57862
8294
143684
925
80153
79442
7268
1460
27254
55122
7322
23507
51105
399726
5833
57213
23644
26122
85444
206358
440295
55500
162417
10687
9054
2653
116328
26260
152098
115
7128
339318
644150
8554
8140
9577
115265
54556
81875
4726
4708
89941
3040
2081
80273
7531
9416
201595
388115
11270
3623
8705
65982
27085
91543
83700
23362
788
55812
4122
57480
23092
9467
53407
2766
6309
26135
9857
90956
57655
55651
153129
51742
10954
29803
90557
203
91574
912
9168
2773
11100
23510
90139
9724
55156
144132
54431
4277
6130
83931
9828
2532
113174
4968
65267
79042
89849
3241
29954
146540
285672
51074
56890
93210
148534
57533
90627
84759
2739
57134
80210
550631
1605
10945
8189
8614
2618
2314
7461
54883
9957
5578
55699
55037
81930
55702
2054
83608
842
90362
5557
55274
2030
5264
1193
655
51693
513
56922
9325
389856
9112
124739
65977
84617
134957
27198
51001
2318
5598
22809
59
80110
5781
51066
7468
26147
6432
3783
125488
84262
25771
84321
5646
22878
57181
10346
51005
5866
5730
10036
80097
140691
9133
7386
58986
347735
2232
79027
81890
55512
6747
9092
340277
3832
1465
2307
3489
2810
116841
7718
10952
5208
10635
146206
388
9540
84455
1073
10248
4700
7223
2530
374383
4674
1608
5681
203547
57182
29110
57466
1289
1130
6722
2040
116840
51604
79760
100170841
9246
6443
342527
55806
291
54516
6231
79658
84140
79657
57645
113878
9218
115992
6878
10256
1296
140809
1066
23515
9922
404093
4016
3718
2027
1615
124935
388969
79735
6016
7421
3183
253827
57106
10237
9744
6653
55851
23648
84271
4013
29088
55182
6164
51195
2001
114805
22862
7554
2264
26995
148206
8660
11137
57406
114932
29100
38
23213
389
1003
1819
5284
28966
80331
389434
7133
105369550
50999
6228
352954
54801
487
166793
80264
9895
728621
340152
57403
26048
7323
118924
2316
283638
79659
993
4089
339175
1184
9188
152206
222236
6640
10579
1025
133619
8894
55771
6094
56271
51278
131076
8509
27433
3551
57763
122786
4942
11282
56288
3957
978
23589
10062
4082
285268
8175
65059
152518
55958
1314
54497
382
407975
11059
26354
11112
10201
6038
64375
2043
7516
221786
147
5876
3205
6814
3111
6597
51337
6155
10329
8535
2873
79172
80746
22852
109504726
60487
124401
11144
2962
11249
8737
10483
54504
11238
8618
11017
9851
5547
25796
6650
7818
10197
10128
2735
919
57147
91782
29767
79786
6235
54762
388558
54852
115560
5872
339829
57531
128387
25827
51102
9180
84932
4068
79915
79035
23326
6886
84908
4296
738
9747
23294
221421
252884
5429
6427
22868
283358
54855
26580
84068
83743
1973
821
22839
79663
79856
2049
29117
131920
171425
26548
9518
7318
10990
8829
4682
5317
388272
118472
10785
54554
50649
79001
57643
11128
7043
10957
6923
10007
203068
56034
6674
50650
57060
26167
127829
112936
389119
140685
8926
51586
2938
653121
10670
9013
84812
10922
79873
90865
26576
5638
79882
22869
65266
51226
4668
51430
10172
63951
8572
10827
113178
342184
23603
817
8794
122622
63826
285195
79047
4855
4168
6224
4645
8648
10533
84153
5447
7171
6596
81789
8503
27231
2887
55105
79899
6509
55172
80155
10928
115294
90957
11267
4055
29781
26115
79894
64222
51588
57688
8100
152
84948
58495
130271
51304
219654
23503
54796
27294
558
26276
59353
54978
5238
9372
149563
7021
60386
92595
51111
1439
143879
29035
140469
22871
55208
1386
55339
64645
5729
81542
27303
967
63910
956
10938
63933
29107
51377
11145
5184
84188
80017
114823
55735
58488
119391
159091
10241
2118
10333
114569
3037
705
50855
10966
285966
8349
340061
9404
23060
11119
28985
80864
3131
55026
51026
5160
25959
411
5141
11232
1116
79612
1647
983
4697
8434
7138
11040
79640
1233
84250
90427
26268
55100
729438
203523
6731
27035
63898
11237
50814
158326
348180
9612
85476
158787
207
79572
10488
57683
389114
5468
64216
51311
5817
79174
7805
401265
253714
1397
84316
64091
3067
373156
4939
1545
7529
26133
10224
1778
7991
284615
55737
30812
85395
79956
9792
93183
57609
4601
378708
81577
63875
4248
6857
23480
10363
27183
6015
54998
84417
5223
8233
79230
85456
994
8666
1285
9422
55775
285848
55295
57130
2874
10212
64221
29801
84890
9076
284565
3992
85369
51660
200030
201798
6950
57449
130617
54557
27330
56142
23475
4919
55187
64926
114884
120534
1999
132884
80346
144108
2160
58191
8310
84803
134728
83658
3146
2017
25927
26019
10039
9478
4734
5438
51079
246175
4188
381
2571
349565
8243
57521
5118
55108
25813
8187
6229
10915
25896
5330
92140
3800
581
53373
5796
9169
6854
55713
83706
5350
51530
5799
5837
9732
5515
150084
84693
255394
150472
11337
4771
27301
116115
64789
11159
4236
81555
30
221
7423
8563
5439
255520
55094
2033
55632
55630
1759
3422
55297
11044
55833
10367
9254
1848
10818
23075
5777
5286
23673
11279
10473
79148
157378
54938
145482
285761
221302
112817
81029
7311
5684
90060
57799
3625
642475
1728
84962
9277
64426
374875
23108
2487
54487
63893
9937
79165
114836
8731
56267
6097
7365
125113
51348
653808
8034
10536
9265
23552
55601
5324
9441
80127
23125
7552
65056
26018
1812
26032
3149
4439
6790
310
81931
8976
5870
10858
23145
26052
56105
8110
55152
9636
4067
81926
9793
55696
51122
7280
55063
3855
23345
57669
5395
51110
153769
55272
9337
57136
55619
7108
10602
25943
84641
57215
23167
84253
51126
8809
26509
9620
2214
79616
51652
340542
6285
23193
55180
83696
163087
8803
254394
54535
65244
3306
57552
22856
5993
8625
10287
23305
1803
154807
9454
7289
29952
9814
144811
1488
51320
1840
9172
529
51056
9376
5924
81857
79812
1312
10494
26054
5336
51645
3091
23208
51108
494470
4849
51397
11146
146434
54103
9200
9567
199704
3142
118426
7023
26036
57674
4780
1979
1852
83443
7316
8515
9227
57460
8541
8491
79072
30851
4318
4594
79161
23186
2101
152007
79734
125228
26060
84960
658
3767
339983
2875
2104
25906
54769
1464
10801
55593
340390
1000
170959
23091
6334
7283
55746
84542
83591
51365
10741
26151
10094
4036
91748
1974
282809
781
102157402
1595
7469
84255
439921
488
54537
1998
2272
64403
85442
84232
9536
79084
4584
55207
51332
7391
22872
91612
23548
23557
84331
23279
7073
9685
9879
729359
28
5000
55871
158219
64374
55729
729967
83892
10493
3150
4209
5824
4077
23038
147007
9627
84681
374354
3425
57608
51366
64410
3224
79152
1277
22915
10927
64682
78992
203328
390927
23149
55740
9104
118429
25939
80758
22898
22937
3074
84967
23371
6497
51684
387119
54502
25961
9903
84942
60676
9933
54845
84628
92014
7866
9311
36
159195
6286
220869
9746
9547
113246
23641
64412
9649
10298
79869
25766
11313
26086
805
4659
23127
1629
1302
1659
8510
115209
648
130502
57035
503542
5152
29842
51264
79594
8676
9868
6811
146223
51168
23401
23157
10489
254065
51134
123016
54943
445571
3029
84267
23358
7918
54995
340371
83666
55262
11319
7692
8814
27344
6319
9936
414918
666
5635
254887
55679
388228
201158
23601
10664
282679
60343
7770
7337
9014
8798
3547
22863
338707
23163
23559
22977
89891
7156
83891
2905
7571
85440
79684
4335
26471
79791
6929
60672
28969
80149
1850
63931
57412
29990
155368
114880
7351
55281
10210
220042
84056
729262
58985
54778
3312
8788
57418
7111
201725
9878
135138
56951
338382
54862
91703
56996
23160
1040
641700
84065
6540
8534
79605
219988
9377
202051
9045
163
9703
55572
112840
8884
5261
10419
26994
11285
79838
10544
95
51479
10270
63971
607
2908
9686
143425
25940
4090
9692
84914
8607
329
5174
1155
201475
23554
27031
64850
2561
81565
55720
91942
10746
57452
10243
220213
5685
2730
2977
55080
51078
26297
25807
323
266727
84545
8787
107987373
113444
990
23216
26053
28956
126282
54585
10133
60401
3028
6830
9459
9526
57125
131405
286343
701
49855
84451
4338
54913
3601
3777
10459
124637
493911
27075
4599
9600
5727
151011
391356
55905
9456
29994
3491
23647
6776
26262
27111
10342
10096
10020
27129
26031
2969
7078
112268148
3431
57685
23526
9697
535
2519
56895
301
8324
5579
5153
10428
8776
92283
831
3796
3716
56683
201627
51780
57604
169270
57670
63932
2760
79585
22861
8775
481
991
22918
2949
1393
9149
3309
4826
23325
9681
23607
64759
435
57335
27079
79850
3768
90701
686
650
6429
7270
84874
441150
9780
23272
10044
64225
9611
257364
3163
57786
284119
5999
6356
1293
66008
10040
114821
51649
200916
10514
4863
126868
6513
6648
331
51068
54676
51367
6919
3856
51374
28960
23132
55683
1604
489
345757
1179
9564
10268
127255
6517
27124
10085
54828
114799
57526
522
2295
85236
440026
6102
140689
23595
10120
9410
57132
10308
5569
81575
333
79228
226
64761
5911
55296
164091
493860
85464
721
54503
55700
160897
79858
7167
5893
81831
11037
143888
23261
8493
30845
79149
10058
10365
55959
3437
1428
29899
64925
9725
55752
55670
114815
53615
1958
5063
80317
100534012
51690
6390
7314
9094
10978
6281
81617
9452
283417
7415
63035
1031
284252
4513
55973
5828
55216
10262
26043
2878
9925
10126
2281
93550
1822
51527
1207
375484
23404
84314
5984
9079
11068
4698
55229
83475
4798
2200
3301
9442
9662
11093
29993
338440
9221
51129
11060
5929
100506736
114049
79847
146439
255189
339324
54841
7581
9643
5711
339123
10307
3566
26009
7124
514
81616
79922
26261
8507
26121
4355
64005
7462
26232
528
27241
6482
4753
51449
91283
6840
10528
51117
57448
23168
8883
26272
9716
1731
9127
4005
51501
169714
6768
5510
26610
27246
23414
10618
54531
55967
117581
116085
3692
64965
84790
246184
57577
403
9669
81488
57209
23151
169436
5328
644815
9730
10322
120892
10622
81788
56990
79016
27134
259232
283459
348174
2192
9108
55521
85417
51015
60490
22836
5971
56942
2517
4361
3164
140467
1975
101060200
84988
9801
51655
8496
401115
3065
29945
4774
100287171
1993
51233
5819
1889
6171
2665
56911
65989
10426
59352
9858
79726
4664
150209
131601
1717
55249
125061
25960
261729
7037
23753
3242
23219
23307
54512
6621
6654
100130207
81691
5170
55035
55313
1187
26608
25825
5937
84987
7472
3233
6668
6451
4179
57798
55840
23321
904
2674
130951
84440
5774
26240
84859
4552
4000
9113
4854
84224
10589
10163
2869
26168
1874
5694
26205
23098
6305
51433
1612
118987
7429
64318
64838
200894
293
5739
5052
3357
55003
54868
27077
4246
51174
30061
1894
116985
55805
130940
126208
11022
157310
149628
23368
25921
3290
253639
151056
10382
2018
1734
317649
148266
2984
6498
285193
157922
9282
6727
10403
57470
5064
135
169981
57001
2131
9057
54799
1660
90293
81620
28227
3336
84340
22897
55586
80207
285267
4092
91875
120939
5029
5649
1655
286205
8677
55039
79571
171392
9375
337867
153396
9766
54069
55837
9457
55153
19
6181
90678
26275
56655
7694
4330
54507
9973
30844
2321
121665
3397
9318
24142
84954
4493
23382
10204
3014
9223
79709
29799
2896
57555
1368
7039
256643
1522
3284
525
5046
3656
84124
9953
5747
81847
51285
118430
27338
8724
80071
257397
22887
148103
22905
5190
302
1339
7189
84807
6125
56947
23704
79974
79627
4670
7074
5787
90121
2597
4255
3955
57409
5965
64902
79009
90459
4792
23230
27095
126006
11274
6304
79066
902
5272
25953
11163
55014
83694
81567
59343
54881
163786
51388
5279
836
221357
11309
1434
815
84570
10444
112495
54942
60678
6631
6590
83464
8721
57476
90507
147138
339416
58494
6441
166336
114971
136
7755
253738
5896
9929
90990
9935
1159
283537
1121
55870
4763
55131
163154
84221
55823
51272
146556
57165
134266
1775
9699
4891
3696
124930
81622
7633
51491
54836
4356
4841
51364
255027
23335
64785
10284
7490
3479
57575
5783
115123
123688
4779
51343
6422
11011
10312
9343
91272
9796
57506
8846
57713
55051
100505585
1108
8840
64901
9949
10825
4216
2286
3021
8347
51661
51763
80349
285315
8703
129807
3730
23135
55194
5143
5610
170392
191
6223
6135
60468
2110
54741
578
10926
64968
8732
10289
7075
57827
2899
79608
546
54986
9140
57539
5412
27315
55893
9842
2335
359845
11253
54681
25900
54867
2026
10156
65980
221120
23543
10891
6400
4720
7874
122953
57664
91893
157567
94101
84941
11140
10124
7565
7466
1839
122416
729440
30819
2274
27284
762
10042
123920
23588
114876
89797
54566
8087
6253
9862
23411
3624
8317
152110
10971
7188
6660
51028
55536
30000
649
80742
64763
57761
64398
5648
254359
8396
84304
1827
140564
9535
23473
5954
597
7414
1582
51073
950
4223
84552
22794
153733
80023
11133
283971
51765
51447
23780
3226
27000
339965
6218
4609
4810
8899
200879
10714
89978
63908
79930
72
54813
83481
5745
2261
93436
10783
10617
10951
94134
9631
81848
4542
84775
165918
10293
51077
63922
8615
5509
89846
26511
10769
11153
79934
23109
4802
6004
4254
100507203
79039
22874
1677
23558
94039
51637
4794
8774
51099
23479
51701
10526
9443
445582
23284
7832
57534
9349
8270
4692
10026
7979
79017
30820
115362
201456
9783
79868
6119
10864
25792
8089
5915
23310
10572
8655
56259
56937
51614
5989
2898
1513
56986
6123
6594
23389
90736
822
220972
284217
91409
3488
4711
23624
55906
29903
54890
71
115939
152330
65110
80305
10330
1586
337876
23101
6197
84695
23035
55178
550
2121
10049
5354
79026
10050
26164
3487
116092
10113
8609
54896
6988
51013
8621
91404
6633
401152
2010
2194
6122
29083
6001
55622
3632
30011
92369
54994
9849
91147
1039
51706
5908
1340
122961
283373
58490
10677
55671
64328
123355
22927
10482
219743
401466
6560
57553
219699
7105
91057
79184
239
55832
54708
51696
141
947
5909
6059
7837
57479
2199
8446
7846
10424
5318
2444
7434
55195
6711
54858
192683
51075
84902
10478
114783
54863
826
56926
60625
146050
94081
79132
5794
196294
387882
23317
3664
8727
5159
83758
55114
5093
9917
387263
4867
26521
116447
9778
53834
7532
22800
2592
9252
4710
338094
9278
286
160
6939
159686
23178
23429
26575
2312
9122
109
10188
9727
23399
23764
7374
7402
23214
7353
6672
79990
9399
196463
5883
23235
85027
9213
65008
126969
2215
84818
4281
10005
900
255043
25930
29780
9185
3293
6341
4292
55660
27019
284086
285613
115584
84274
57159
50617
23639
55213
4653
4642
55968
201931
7325
7010
25788
678
92691
5601
6209
8659
2705
231
151742
9394
81671
51665
10098
24145
22976
83695
84265
130916
9829
3291
1610
29969
51747
55006
283238
140628
3621
55283
10763
116987
55631
84752
4924
404281
55793
6518
116835
547
55644
55168
4300
129831
84101
84254
6103
5700
767
84231
11276
10103
2770
51024
64428
6446
84747
7675
54331
29886
5207
4204
94103
10011
81631
55687
84236
55013
60681
79577
10226
23336
160418
6297
27286
1112
8831
6100
6855
342132
4257
23112
388403
56917
79651
152006
57396
9562
7592
4514
51439
6738
80184
146923
152559
58525
4147
57162
3417
11030
6624
6599
9911
6300
314
152815
91355
10106
29923
133522
54457
151246
65991
4686
80209
4354
8741
2152
9853
84937
7291
124540
136306
8649
84060
25833
106821730
286257
3093
339230
3985
9413
84951
57679
93594
8604
4608
10557
5306
27175
10962
115548
6617
2159
23002
10370
29109
3206
55192
5352
1400
284459
1740
23594
6726
51639
79837
9130
64793
79157
7058
348995
5230
3911
10989
6120
10535
80173
55325
3720
4323
84910
130535
57486
126364
9509
1638
23527
10135
57124
147339
118980
6717
96764
2352
9479
9352
1436
111089941
8707
11198
3688
10963
10016
7169
2649
55916
152273
51286
10425
9891
22795
8325
7431
8528
151473
203259
2319
134285
128338
10519
283985
389136
29956
1022
80772
55049
4070
51778
11101
9024
79633
55113
79057
255743
2091
2643
8292
355
64787
348
3702
92609
220164
84002
9231
54101
51010
10196
23250
3691
8605
1787
158038
80318
80306
115509
5431
169841
9209
7919
51182
50485
9514
825
65999
8854
2162
347273
144577
3674
8740
220323
54873
5376
126792
55907
11070
27335
378884
29950
10645
7091
9912
144715
6201
84299
167465
493856
1736
8445
54715
8925
286223
10314
11123
146760
6407
4585
10743
57628
25873
55011
7040
10591
7025
57047
286046
197407
9143
123169
29028
55012
8099
7294
79000
4217
54875
280
6690
2213
83852
6670
374403
81876
10158
166
5452
51185
3589
25966
892
4632
5209
286827
5698
3732
4633
7185
221443
4194
5763
126119
51454
3344
64327
54328
2039
728492
10232
4436
51477
7165
10296
55770
80223
80012
7321
9546
9240
51115
160857
54540
83461
9900
8539
6049
388813
22818
114883
4037
286006
144193
29074
83660
8495
2900
23542
10651
10723
7089
10107
50640
55867
4735
55857
79621
1050
2296
9641
9554
7690
23597
8945
6921
4343
914
51067
7262
4643
51754
3939
5863
127396
3187
84142
55504
79140
64776
51534
128553
218
124512
26056
374986
57715
89958
1196
10116
5723
10468
23348
57333
29062
10023
2348
374928
5424
51035
9141
509
10385
8874
90075
2114
7273
3659
51574
113251
8795
64800
10274
260425
119392
6207
9969
4499
133957
9825
3483
9040
23478
54453
220108
5442
55334
84132
55280
66004
50810
3151
80775
1795
22834
10401
58509
8766
6416
55206
5768
221078
7760
23201
85406
1902
80709
7984
8321
10174
9439
64061
25
192111
23141
23632
11326
81846
4298
9538
51199
25852
54454
2065
8444
5981
64802
3430
54541
9159
79690
56171
9444
10841
81558
113146
57586
9427
5393
253782
8875
10111
10799
9960
26155
400
9950
88745
9049
51157
121227
440712
7450
8777
23390
8826
57620
55796
5166
81889
908
1429
26287
283237
4696
94239
341019
8867
4702
8322
6642
57026
55351
56949
22928
51755
4724
55286
2669
10775
6772
160428
84310
4641
56904
4629
26013
54851
114803
117245
441478
6618
10288
10361
3760
6732
8452
9840
10350
57708
6601
55374
4712
6792
60485
253559
3661
60496
23369
26127
6629
23351
3426
7702
8502
4058
4665
118424
1036
53917
81
51512
369
9162
81618
6845
9704
84109
83860
148327
29093
10975
7159
84141
9367
55751
10435
801
54997
114885
4889
10000
84152
10943
23347
55223
23788
55777
6092
221504
441250
84939
57591
223082
10003
7319
23339
1047
197258
57617
5037
149483
83444
197335
55760
286319
93323
8427
7174
392
583
4487
79096
10844
5205
55328
114908
1613
83989
441518
80231
123036
23609
1113
50853
50808
55758
320
92344
7975
54856
9735
54764
221692
26469
83468
158358
2034
6683
55706
51654
10534
51132
51201
55502
30846
63934
56970
85358
23587
57659
4846
107080644
3843
257169
91607
26123
3665
7082
81572
10492
64773
84319
10987
150082
116143
84924
8797
5058
83642
5445
10384
9552
4054
79363
65123
63941
80129
8549
55110
10060
65018
79639
8654
57122
84823
4261
79792
79142
22891
3840
29928
23184
6433
23054
3628
2078
1781
377
23387
51809
126248
338657
9545
6261
221830
5605
79861
51279
10257
58478
22820
4784
327
1756
7372
6176
55745
53635
6676
51021
2788
54882
23329
116
5425
845
1027
54922
84215
79917
57186
26140
713
1788
22877
51608
56128
9466
6925
51246
4249
55900
23262
54510
1186
118738
8754
115416
51196
65264
6526
9759
55664
29078
10724
2638
55331
64478
80332
55666
2070
54438
51428
23036
57482
90353
56948
8559
10642
57823
58529
27
8500
126231
26051
147700
51097
317749
84260
1455
10815
84307
2595
8815
80352
58189
8726
84105
196527
9652
29988
4215
8733
11010
4478
51605
7263
7355
23
124801
9061
3945
23266
6646
5696
90
9388
25804
3174
10577
7769
9215
388569
27243
1004
65108
79613
55701
7042
3983
151516
1024
10371
5378
79077
10653
6720
64960
3579
4303
4884
57821
8013
8527
55421
90632
23350
55763
2879
9837
3655
131965
580
81559
2547
81554
84248
6146
23660
100379661
22853
3217
6324
30811
57214
6478
7436
916
9338
1654
10935
3815
9145
55055
2099
80055
23493
28976
55233
23295
23460
27341
56256
93655
80308
6821
80201
10629
3030
54768
1535
54932
23005
256691
6263
79369
51360
8567
8576
10847
5333
6351
64343
27245
2588
8897
26959
27230
5894
22849
171017
9235
199870
80778
130574
56915
3073
10139
90135
51495
23087
4976
26206
1265
10523
79672
5706
64866
90826
79664
2060
5136
1912
152002
1479
125170
374
55698
653583
54538
79844
125875
10565
256309
58513
55119
3145
23245
1486
84365
11234
150290
56160
201232
100462977
6829
89122
728577
634
353497
57698
162333
1491
22932
55030
7203
83479
7596
166929
124460
107986084
728294
534
969
662
7481
11149
2117
2661
5931
26073
8227
4982
10297
2645
26064
3964
989
54471
54955
10084
1785
167691
8893
57573
79966
2308
3735
158584
85015
474343
57381
6521
4671
205327
147179
1871
54910
55159
11016
9646
11213
5861
79874
11269
23383
7371
51127
116228
3157
7249
2877
4018
55224
677
26233
92181
220064
83983
4097
64854
60558
162968
64771
79833
55599
56975
2801
2557
11000
26017
27350
5150
11135
55591
7432
1646
65083
55116
57677
10461
115908
54798
27332
10498
51023
1152
284697
3383
5090
11331
51171
79081
7006
5602
84498
6635
1949
79682
2690
9238
771
134637
8934
144100
80298
3705
84337
3557
80314
10673
60506
1845
83746
27166
79635
5189
7301
89876
6891
55691
53938
341208
4128
196
2686
408050
79789
57680
11336
84557
54926
23567
57666
416
91647
145864
6619
23474
116442
7100
23604
139285
1390
29904
10092
84532
23670
284323
283927
6272
10811
55212
4071
8565
4509
114787
91801
10610
594
7485
85459
8555
286128
5349
55815
2932
5498
54212
23312
1363
5689
493861
51555
4864
5737
23759
55705
28952
3757
84918
23113
80731
10929
248
10254
51751
1499
22934
84135
7639
56987
685
2014
54059
7416
58500
85007
997
55066
3297
4329
78989
55238
55667
839
55689
11240
79893
10542
64332
163486
284312
9455
64744
57459
10277
32
54413
740
56302
89796
4538
1160
8745
53346
1956
22990
28998
219736
79961
8802
1349
2130
204
5027
79139
6307
25824
4212
5257
55717
6778
55251
6625
3455
10199
9148
29887
55054
1033
64215
1534
58505
51053
2961
55092
64864
23259
3598
220988
5331
134147
2793
1675
58504
29097
92591
146433
56913
10147
57661
6938
1329
84280
638
5831
6442
94240
115817
401541
4843
5874
5728
311
3059
9448
284349
58516
8526
51533
865
55198
3988
3384
26998
55228
7726
2064
80279
140606
6742
84261
57514
84675
6340
27309
5955
79998
545
22926
8832
6449
7850
5033
64094
23499
6549
10458
80760
84516
9901
6352
165055
5791
10806
10621
23173
4929
4294
285237
954
2710
83992
6386
55850
23585
3590
79673
5495
138151
7030
283248
7813
219927
55616
84676
2016
136895
5998
2077
9025
80705
57578
3975
26273
28986
25980
10713
10152
2009
170622
873
189
10411
78987
9039
7267
3990
92597
9374
4943
55704
1622
3667
5687
3717
54892
51203
54664
4791
6273
5829
51181
84163
79050
10345
136227
125988
139231
6692
4502
353355
201161
93
8711
56652
54436
54865
9276
8036
83872
7064
80143
7132
83787
22824
84647
23158
6602
5746
961
153241
4046
8859
89953
6327
5862
819
60493
51312
51148
6767
8440
70
6598
6769
6428
5007
22854
4239
10755
2948
4189
9839
143903
53918
387032
284325
51474
53630
148741
55761
6834
23016
4714
170685
27339
1627
200576
6835
710
51473
9368
79602
1672
7753
114034
171568
6607
339231
4625
2275
29967
9412
1602
10052
6506
5707
4010
8459
7572
4987
50628
84281
5371
9230
8334
7957
2120
57826
114907
5731
92370
6241
2901
810
2620
55344
56905
26118
818
124997
80179
121053
389524
343099
7135
79725
54884
201294
7988
23165
6745
150678
55661
8862
348094
115426
2201
113510
7076
51535
51720
6559
253012
64080
80228
3433
152756
2107
6477
11092
11221
3299
358
23531
79183
8574
540
9028
64837
171177
26504
814
2583
7324
114804
3198
4723
5980
5105
254225
79753
55750
10745
5213
4045
5001
5373
5869
10856
6582
10290
4666
9830
54765
8499
55031
10576
7327
1366
55753
1238
65268
51663
84520
3745
25962
3619
88455
22998
80167
50807
8751
57605
2993
5087
29922
5589
64427
221322
9525
8837
79993
128178
7798
1528
654790
165631
5329
56929
5886
9605
9658
11108
1794
23085
23394
51808
6558
5764
83759
2621
56062
8888
214
7549
51088
57117
10438
5564
4486
9804
121642
9761
23365
170384
6843
161582
56907
573
84064
10609
3897
285203
10138
8263
65010
29089
80217
101927446
8841
375033
10250
146712
89970
29119
154007
8987
3654
114826
146542
114984
9946
6470
83667
7172
7569
639
386617
149951
54874
4152
5338
80781
1856
8490
3609
10555
1244
8237
83716
10631
79739
5053
79101
1571
205717
84335
160335
445815
158234
8693
9289
1859
4199
8260
7827
9816
9757
7092
2185
2331
80146
124152
2494
221785
51018
1893
79770
57592
241
11180
55004
152404
55505
27349
622
11142
23506
57447
26231
185
9409
9114
54784
9750
27072
4728
54555
27289
84080
8812
8458
58497
2332
11124
7326
80344
54897
23090
6880
3766
1644
4832
54622
4604
3133
10590
54542
4512
8611
79901
5203
23118
122769
152503
9595
100506403
9512
345
3993
23318
1933
51719
10988
1854
11158
54951
63939
1012
11136
3782
57455
25894
1786
6632
57538
54602
55665
56952
5332
9329
55890
6118
55544
8828
3081
7534
7004
51096
6491
151313
146691
2145
9675
4060
55754
5476
59272
11273
57595
91351
57513
94122
55293
161823
117248
79169
57380
1282
28996
64083
140901
55236
124446
341640
5805
84938
56477
400506
9391
5144
1317
81034
51060
10486
2512
6282
23533
9984
375444
10066
84885
29775
9847
1315
59286
586
23596
23582
9927
79568
80776
55278
8871
8631
83937
3191
6210
5716
54929
177
5199
9117
5527
100128966
79618
55847
100037417
23074
5818
2023
132671
9500
6389
9513
79716
374378
59307
11178
9841
55798
2103
715
65117
11113
6046
142679
144699
26037
10347
9497
222698
10695
790955
57228
23065
3066
5996
51622
201164
2804
29960
2963
8736
2892
23162
6907
3265
399823
57103
283987
79987
8877
375686
4076
221143
29906
3098
3268
5888
3554
7059
4001
577
85453
144097
51728
147040
100293516
2305
4088
4796
2277
57519
83483
285636
1939
55312
1001
22889
29978
84830
54793
55133
154865
51306
4173
55033
58496
123263
23381
5631
387680
471
27306
7139
10076
1268
2622
2306
3223
5972
4801
57522
148170
5606
3043
1106
23172
116151
374879
60626
9824
81704
5366
25996
541468
29980
663
55102
2066
5585
81037
10885
84817
4790
57325
55742
9031
3956
89853
105369632
3595
285
735
1021
79960
153
7345
6532
84858
11258
54617
5335
506
55559
6234
92745
955
60488
5982
6652
5709
55364
9326
79668
84899
23196
11066
10260
80221
4488
152579
64651
8508
1385
79156
5134
5692
55620
29911
51699
84725
81624
30836
10848
4800
6450
445347
85450
26000
22938
132949
682
3140
55582
5270
5923
55526
203286
653857
51144
6785
89944
79953
55646
171023
5740
112267931
116159
9712
94005
734
3960
5142
55627
7809
2774
23025
84958
89781
23081
4286
57718
133383
5095
1459
81794
2212
85313
10780
3339
25764
6764
8927
7060
288
9926
392465
8568
80216
2889
10781
5910
57804
114800
58533
51236
84279
5900
56999
126003
2633
11147
56242
121441
5187
11094
3188
80230
80227
27439
5577
55852
56342
90025
64858
6249
113263
84912
55707
9132
23265
84936
1981
3508
599
83452
8312
10897
23221
84197
254427
3791
83874
84515
8848
283229
4123
178
3075
3005
55744
64780
4285
79701
9055
344148
347733
7014
23328
79683
23576
53841
113189
51300
2629
375449
121457
153364
23270
51529
143458
2263
84735
582
1649
56670
347517
26157
5314
5271
93082
4824
6136
55915
10150
11311
3398
84292
6236
1768
55245
162972
5099
5634
116986
112939
1521
20
1774
55138
148156
23236
9587
51098
79004
8031
388697
51228
56675
139596
54462
27300
5576
137886
25973
56262
9683
9071
54914
221687
79080
90993
92565
55634
81887
124359
25901
10043
5597
8863
3420
22993
84336
494143
133746
64320
55898
27333
23564
51247
5501
3156
2140
2029
2909
3094
64397
23608
79751
90141
10906
116225
4752
132321
1994
494115
5201
55739
4691
201514
55016
84895
147650
8675
10905
79705
64319
23180
54149
1992
440574
94121
10616
80233
125058
6548
5287
55610
2737
283208
23315
23237
90317
163859
51324
54916
54859
7349
7840
10069
3118
5300
84251
741
54620
306
23524
7290
51284
283629
4172
11236
79177
23645
79607
83930
51676
144348
54677
3568
144233
51634
92856
57616
7780
7629
51528
56882
8560
5825
56925
134111
25862
51265
23621
7727
4086
27158
131177
81611
6569
80255
113763
57484
138639
221908
54879
221981
26751
65124
149076
51429
8218
64919
54788
11177
10795
84572
843
57463
10484
9882
83596
1820
81873
1375
78994
55082
10626
51647
6184
23483
57105
8402
2648
81792
23450
4978
4634
23659
114793
55008
51231
9971
25932
23643
6905
135112
388552
10291
121504
9342
333929
2079
7803
113130
6402
25782
8663
84984
219578
3032
23352
58190
51668
131034
51585
51255
197259
167838
4125
57703
55284
1345
170691
144321
3914
89890
388591
64170
10376
7993
246243
915
866
56111
9782
51101
85359
26258
283337
57636
6139
3845
8986
404220
4831
5154
55340
5710
89887
4522
84446
11051
4313
1147
3611
6879
93166
10568
57542
256356
1666
3699
10202
92285
29763
23682
64420
114786
65979
4171
7517
93100
55017
94120
9398
90231
64121
10025
79887
6628
1054
57129
55776
56658
165215
84870
10097
257194
8372
79884
54973
23583
26160
8896
10440
84669
5920
26063
635
79877
3880
85437
203522
1806
346157
79876
10608
712
118
120526
5858
66002
752
51225
57565
317781
7011
152185
26269
5148
84915
3516
143570
1456
9533
1373
2037
64236
7536
3251
54739
2280
58493
55625
28951
7430
55300
7019
154661
83990
166785
51106
347734
4673
10992
962
357
440145
192286
80325
5650
91687
2021
84334
7332
8661
9931
5479
10817
2734
55145
151126
57062
26227
64778
25819
64067
23710
79671
55954
25864
10717
25829
6746
51460
54972
200014
129685
10855
6885
3213
8602
10902
59274
9099
54946
362
84940
56984
26578
115290
10423
26007
26065
27113
11162
63929
7357
948
53358
51227
374920
10959
6728
9772
9344
10331
57336
143098
1915
80854
1028
432369
219348
9537
283377
4174
83541
9679
83442
26503
3574
23037
221662
219541
472
6452
1917
2827
4756
7094
8161
8805
10939
25914
1911
6240
342979
53947
5902
148281
79087
8742
10267
55256
51136
84901
54751
84524
974
51409
3454
4647
9501
51503
6206
8671
10218
26259
122402
25789
54536
154141
6502
9896
64376
127700
55709
153443
148223
604
669
2063
284114
26011
81570
6583
64601
23586
28977
57496
374654
114990
55316
7786
633
56165
79763
65260
4504
253959
4176
8460
54165
53335
1495
11328
824
3959
2823
7153
348801
60673
64708
285527
6128
2935
92482
6793
3248
5175
116983
199221
171586
57337
10313
11187
54093
5440
56916
29925
7170
64788
84548
81493
2535
84522
55048
694
5583
7114
7067
54496
54663
9902
51542
6480
4650
79798
328
2173
3841
50512
8869
9997
55813
5702
79803
4738
29920
80232
196074
54920
81607
127703
84461
91653
5198
57554
92999
5899
2956
25842
51567
5830
11151
1111
115827
50619
23418
9332
116254
2845
9943
25923
2936
1200
55149
5784
400451
229
898
2534
57016
5359
54954
6098
6714
2475
26128
55784
6943
4234
1938
3394
6147
84186
5806
64750
64981
81606
84519
9220
6801
63943
3695
440
8613
107987479
54977
10558
10063
57614
79776
3838
9308
51657
54505
92737
6926
79677
2987
9380
6134
6462
7504
80010
84172
23504
122704
11104
79834
1500
64770
9319
6539
57491
7551
9425
51009
100527964
5607
1743
3416
9463
717
64746
28957
56413
5108
54606
113201
7274
8808
4363
100287898
7844
56906
84063
51172
6787
56893
8573
5639
57600
10518
5537
9075
8318
29982
339745
79446
201895
6382
2222
3276
7035
54980
29937
80745
7556
8681
4233
1901
115948
9976
126299
80174
85364
7518
8939
1836
3799
339287
23232
79650
3105
4690
5608
29965
147687
79581
26520
10633
57665
54894
2778
6520
951
197320
7277
4501
83637
26092
54033
29957
53
256364
56980
9378
92840
9182
51072
23767
158427
10865
23057
123283
128434
4154
5480
51816
9060
10379
2590
53349
9173
10194
286826
149986
203228
8820
90673
1471
55565
11248
129138
23705
6152
25950
26271
8525
84174
11251
22803
182
27443
5621
5875
10531
23223
51293
91107
57646
25841
8463
1384
85451
64924
8506
81693
56910
89765
8195
2581
492311
6917
51322
79697
23654
51135
4660
55802
4973
23276
90288
6096
6035
401505
54893
7107
50615
5887
55327
7743
11193
144406
2821
26502
115207
23373
79870
284656
8540
23024
148022
11018
1633
267
58
3134
9760
375748
9166
23741
9770
23633
857
1457
55808
2137
11035
55020
5994
57704
23708
9320
4783
22982
90441
55253
9737
51031
10894
11243
51128
64577
6002
23233
54935
27237
1634
23143
64855
30001
23378
51274
26152
84441
89910
10625
51466
134359
6837
9129
122481
9295
196441
283871
110354863
51582
9616
4534
8341
79649
8971
1298
64411
60482
9860
11316
5069
5356
10562
374882
23539
50964
51667
2035
91461
4190
56931
3189
170082
2495
2245
4149
1869
85363
3305
64418
91522
652
29122
23001
284406
688
6799
83473
29997
23161
7453
10240
23096
339210
55201
8880
57594
5176
284611
51385
285671
5950
26156
8533
347902
7484
5753
3033
687
57410
4064
4705
29123
64921
253769
55186
5814
118788
1417
56681
84333
8651
683
161835
5341
4677
1849
2794
6812
6288
7538
84720
25917
11097
3913
35
51029
4741
440087
5076
1017
83940
3927
119467
10564
4713
124817
9867
51714
9541
84071
3221
93611
7417
9785
7678
23344
54361
10148
54461
22900
6775
57149
6868
27122
26284
4615
25855
10203
84934
55118
51335
9255
9885
197322
9462
10006
9100
51333
10059
258010
11043
57544
617
2775
4205
55239
3512
140735
23070
4869
23432
54830
10198
5686
11188
3052
665
222389
11152
221188
51133
54898
8673
22941
111
83932
1737
7157
81844
10782
23049
55088
124936
51548
54802
57509
92312
55255
84993
78991
3622
124751
728689
51112
9328
255631
858
23247
10455
2235
54187
317
11107
10235
9274
3192
8905
10130
5493
90624
51008
5357
9656
5364
23190
2242
10479
4781
8545
8470
11116
4521
100507436
2150
6748
2696
6990
4750
83858
9653
5871
51510
317662
57647
7940
55269
55755
129450
51251
11098
135154
23471
6515
84233
5163
6795
10450
26097
130026
8473
55731
4185
5611
1508
56943
152687
55184
55686
80142
64857
7515
130872
5891
10093
57205
23095
93517
9843
142940
8764
644943
51773
942
54993
4008
55831
56919
11201
140462
102724307
51291
675
7381
150275
57695
80020
25871
10499
23412
9474
26589
54509
117583
8878
119710
8481
151987
410
57326
56912
219293
1739
9236
958
9991
6271
80312
22907
25805
147991
8938
26517
6897
56181
100506658
23138
1356
6311
131450
79091
9674
29953
285590
4139
57474
57801
84514
5450
23334
26263
64114
29777
5933
10055
6472
51626
10588
118881
9419
7447
4547
116150
30008
23500
79576
60592
79813
286451
90268
7113
2250
3837
79590
673
4833
5654
55844
57583
27295
80270
55128
1891
4026
84085
84883
23534
2784
55656
146664
63915
79718
2257
6909
3920
6903
4163
9056
3842
23420
2911
60685
56261
80777
7920
8542
51750
55244
4052
9887
440603
79415
7052
782
79711
7428
22995
8935
57120
5868
8209
4144
3798
2045
1427
64105
6867
64860
9550
1230
79829
143689
2642
11072
79089
4253
5966
7041
85360
80019
3127
116541
9253
4803
54545
22
100
405
56941
10581
9266
5593
9963
112937
4731
4678
549
132158
9582
29901
3120
375775
57109
5320
51292
8720
54939
4953
26094
3077
7027
3017
64710
283807
22996
79665
1719
54985
515
84662
199990
56994
93664
168451
2036
10603
120114
167555
92106
27285
8933
27253
51025
51616
84033
9938
84343
92797
54869
91947
1176
94031
23353
7871
7001
79689
254827
25809
116064
80212
5906
999
59339
64405
28999
54460
6637
6279
9556
5660
200958
10953
22808
26049
29970
60481
29966
52
89870
91526
8725
114899
6881
84726
205564
7095
148362
11218
9203
10600
84787
163702
129531
3953
5514
25801
80328
51704
54014
81539
5355
23398
23019
50
4519
80315
140688
22893
26099
3570
27343
64784
9632
1969
140838
963
4537
7773
285440
9889
8821
29882
80723
3082
51373
389677
79023
3921
3320
346689
51014
6838
644019
9021
23137
3071
23484
7570
390916
55215
26010
54953
55561
23199
26289
8553
26071
5571
23435
116988
2589
51175
9644
4289
54930
10460
497661
3006
7411
2768
6376
10882
5550
79755
29889
23677
54097
93380
3115
22948
9844
9670
140612
83606
50651
114991
6275
7265
84293
127495
6338
55640
10155
84193
145173
10056
81609
613
92960
252839
92399
85409
9975
3068
10449
10090
83941
1104
79465
25828
27445
55260
27430
5111
374659
79980
58477
6455
1967
3078
552
84894
254531
8439
6844
5771
388650
773
79828
335
4201
6890
64097
29087
3090
84078
468
6418
89790
23443
8544
10397
54981
8449
3225
55816
3958
3827
6606
7284
2524
51022
10797
4616
4116
345778
90871
51442
79891
6144
79759
684
90850
10904
8997
7259
10487
7873
9906
80194
395
51188
253512
5409
9789
7464
8683
6627
7916
79109
54886
8295
284
917
97
7923
51321
1376
8817
283933
10324
727800
374899
4017
10900
284352
51729
10443
352909
4683
55613
90423
6095
340481
6137
4351
55191
5313
2178
55605
9690
116448
51003
23211
64395
64425
10430
91949
147184
10620
57639
221035
4782
58491
10644
167227
9524
55773
27067
29116
90550
25820
9406
10490
576
60314
25895
440689
760
1264
4540
253943
3778
11001
51559
57404
4299
9
51141
5507
10712
55365
55722
152137
146754
80224
1294
8643
6827
54971
25836
64129
1716
9728
51253
23097
2919
120425
56977
80067
1306
55303
51703
84864
56122
23048
4316
1191
83933
26012
55028
55353
51104
10095
318
137902
84376
9204
10920
23593
54934
25912
55140
1080
4041
90987
9628
90637
7175
6489
777
134265
57532
92345
375035
84766
29102
3617
54733
5481
256302
64132
10266
55139
79078
9134
670
8701
26999
3633
79600
9354
9980
63027
85002
23274
93587
22828
23392
284273
128239
1381
112464
80852
64431
11216
57104
9961
100101467
51520
22879
51629
65983
8208
51107
6819
2868
257218
54520
7358
135932
84436
4773
122809
10940
6872
8890
5017
64834
7791
57107
84900
138311
6132
6175
79176
89845
2678
4860
6869
79098
7150
4061
2803
23052
63977
83439
148523
57658
25920
9411
3054
2745
3909
138162
57549
5465
57602
64897
5019
91039
60561
4818
1843
6490
55633
7763
55193
80820
57687
26040
1477
153562
55839
26003
259282
23528
83851
57092
5691
219833
3682
51522
375056
7166
6804
3931
10272
54870
6609
7071
79780
55227
79661
23051
57507
10921
401190
8704
4312
5274
5591
3200
54558
6675
2177
128153
6160
7584
83648
9382
4282
340533
1983
1387
64983
8537
833
5519
3113
6173
55357
29959
54815
1950
201181
6710
84629
286053
65975
3908
6505
5256
10409
168002
10161
10100
23071
81576
22859
150726
6575
114088
9047
1846
79863
9242
22797
7766
10406
79003
22864
22827
126669
91608
23053
4881
80135
10541
64146
10001
9775
3012
138065
375298
64969
2677
7298
28962
10253
55653
56950
6751
11079
1896
117157
51123
23229
84976
116496
98
79641
54800
144165
23760
137392
272
160760
54989
4208
5738
8722
22909
84138
84946
8904
56978
3991
285381
6671
6344
25886
22994
84674
23275
729515
23446
9881
64218
2959
9486
3207
5520
50809
192670
221935
80339
10352
84933
55603
6749
58486
65094
799
1278
64581
54732
147372
10276
2237
2135
6908
57226
9762
10013
8487
3643
9093
440138
22913
2787
100289678
283455
4851
37
79018
146705
3273
10017
23286
4508
79020
10456
10166
144717
8531
10794
84230
83714
8447
10522
723788
22823
117283
7090
144245
130540
84844
8702
114987
79041
7084
2997
10730
113235
4882
91369
7178
598
27131
56899
8898
23299
26059
2537
60
5708
9341
26234
65263
83640
2885
27297
6612
284716
79036
10217
147686
2564
6500
1997
1316
80152
51497
101059918
253725
81545
6752
4893
3184
90379
8664
23590
252983
79867
9648
51232
3550
29926
6542
58485
11007
9818
8153
57547
92002
755
5358
5427
10392
57536
100529261
196483
8408
79745
115286
126308
10742
27283
66005
80208
2005
55144
6217
27145
79724
5865
8516
56270
7126
171546
91319
83543
56257
203260
7482
1607
2632
57515
25975
116362
92610
55217
39
728
8906
23291
50618
10787
9807
79153
10121
55103
29992
55170
55662
9488
10913
960
10627
8289
84898
3460
100381270
49856
140739
138716
376267
5298
8834
2983
222584
283149
27076
55095
1271
5337
283349
551
57556
79814
3984
23514
8786
933
6773
6167
899
392490
9993
9053
196264
51550
8835
90411
7507
153527
60528
90416
84705
8924
23461
5034
221960
114825
2193
10630
54853
653784
6347
9742
8975
10112
25778
8424
57198
8497
27163
55854
79691
9187
137209
8394
6853
4922
84315
33
84930
127933
64131
23762
3954
91749
84868
83549
4241
1837
55624
25797
84707
27173
338699
134288
3101
11078
27258
5530
6874
4291
9493
83693
3646
5045
154810
5562
51562
3932
6165
55652
5518
894
131474
25821
90843
7508
57510
10242
9721
348262
55177
55288
23039
6434
64895
83879
54707
43
60686
54345
54474
84167
51531
57690
80254
25799
9710
55643
10771
482
9334
55818
5720
144363
27229
51250
51016
2271
10380
5859
9121
54414
9191
4938
54442
1026
399
10793
79982
94056
5717
5705
9183
222255
4118
6328
23438
5290
863
55218
64499
1965
9125
23306
8624
79912
7627
65078
340706
9869
92342
9874
6904
6567
134549
1954
8658
23384
832
1573
115201
9689
9445
56927
6696
80342
3836
6391
10772
92400
56853
64795
3313
254251
10295
124583
147660
83641
221656
6189
2055
5347
10081
8556
2315
169693
7384
64757
7079
84206
63876
5062
54543
23042
78996
3481
54927
3107
5695
11082
2591
51760
85014
4038
976
29995
5289
6613
11129
5101
2650
55677
55231
128308
63923
9815
4836
11103
130507
5316
84133
168544
55534
5629
79609
4857
63926
3501
79839
57185
84287
91754
400720
4283
7553
90407
128486
84284
170463
157
3764
10612
120379
126326
84765
5932
4047
3597
92912
84688
9330
9904
57805
5025
220074
26047
51234
1805
2071
257144
65993
23144
653489
56121
10336
51435
55022
200765
10079
23155
390
8908
64321
2189
221294
147166
3703
130557
5884
4245
286262
55841
203245
8498
79866
5721
219738
55132
78999
6741
23354
64946
51082
65057
7096
10678
6487
55732
10207
1173
125950
10859
55728
7422
219790
140733
790
57142
23224
6194
112574
10398
22890
6888
10190
9994
4684
23154
3839
6850
22798
6695
6638
55975
2098
6576
201633
57719
5592
8864
196513
347862
110806298
27252
51006
80321
8467
57619
79675
747
84191
51121
31
2660
2339
7187
8416
54891
51341
29079
5534
475
27342
54962
159090
5129
150365
115004
285313
1503
114327
375
7009
1154
10469
5226
5612
55151
26585
1729
4856
1801
126075
1876
10520
9695
29946
1718
54737
3978
3784
169792
553115
84162
5436
93487
4901
55888
54407
203427
54968
9124
5552
3929
3689
80114
652968
23203
11200
4621
9715
57727
10521
63920
3672
55181
57498
22974
79191
112755
3685
29090
126272
23530
4868
6252
161436
2555
27242
9572
8398
5627
80139
5977
22876
6915
7008
9557
26173
119504
153328
3104
2923
140775
4644
56957
26130
26136
23176
55137
10606
64760
7388
1182
64130
5351
9700
55366
4324
51259
83657
147948
87769
64794
90799
3162
23248
729
2876
4084
83856
54908
112858
57464
375341
54472
26298
2218
4524
1114
23174
54532
3064
54918
4191
23015
5066
30849
54584
1537
220
2395
6337
9517
126433
8065
55787
65217
8872
95681
55081
3185
4357
3396
219771
427
125150
835
259230
3678
51043
7122
4023
2523
23102
7295
107987457
7915
64110
53339
57148
2182
11155
9569
7706
4595
3556
830
79025
22848
4926
84896
84283
5575
9563
25874
255231
54148
139716
3108
23228
122773
1579
283899
7398
348110
84074
5434
7334
3603
89932
132430
8936
100996709
4481
2539
112479
2664
90161
5121
1829
84649
389337
6636
79796
10014
51523
10956
100505555
4626
27351
57819
57732
55276
80335
6388
2971
51691
158405
22837
11174
5532
9184
6568
54680
1105
90874
10067
51700
51094
90187
79848
2904
1536
140883
57662
3898
348013
55885
54825
27327
7048
102723370
139818
54758
6232
7293
2791
57038
151887
353116
10261
729991
55676
1793
84131
92714
3294
9469
54812
51125
54205
55558
445815
9726
420
5138
51237
23598
27314
55799
6157
10513
7140
84620
9923
23142
57091
158135
5573
51752
590
10018
5834
25994
6510
3161
54756
7799
201292
23355
25791
219931
7756
29942
54811
55246
7582
5428
6457
79810
132789
5426
202134
6387
80789
51499
57563
64399
9498
54552
51218
55848
1650
4040
2041
9111
402
440503
51319
7764
9091
29893
81928
79710
9941
11346
54518
90594
55577
83850
51330
27292
25981
6550
57650
6634
79714
1075
9197
85463
64123
4709
6794
89782
2976
57020
27154
51451
126321
4638
115677
253558
3910
10477
57099
118471
84458
388323
9521
54996
6522
11322
3493
112399
6584
79669
84952
7086
51150
54780
54839
10944
55109
5754
4237
83733
9970
23126
57446
5724
57634
137492
57190
54108
5478
2217
8131
25793
1030
2806
55069
7567
164312
10466
201254
134353
114791
162239
1388
1410
79831
164
27074
4627
605
9696
84922
80256
2707
84302
169166
10109
10144
160851
1580
79582
10245
1665
10560
483
10982
1382
23556
5127
388753
10495
10594
155038
151393
59338
221749
1370
85013
84263
93343
2191
23066
51326
2260
408
22929
25988
400569
57613
8365
51603
100289635
254170
22950
2058
8870
1353
79056
9584
57217
3204
85461
26524
25822
220004
56902
29070
2894
25983
54956
23170
10527
10157
9919
55226
80218
56888
80183
124402
9810
23285
5326
9865
6507
60436
9630
56983
440193
84419
25890
829
9261
10525
199745
79944
24138
516
91133
5327
9570
27130
64118
7403
378
221061
11052
7748
5305
6424
56992
79823
7701
2903
222235
10666
51651
26119
26191
6945
28989
8241
539
201255
163589
79694
94107
3292
55346
154467
79885
7433
2161
10169
8807
55005
2861
167410
342908
83593
28514
64745
7574
113
1476
9682
1399
105416157
85365
9402
3912
2826
55258
7109
83737
80213
2354
6205
23476
2967
57143
1466
51118
22832
57085
84456
56339
51069
56945
84330
6839
79666
3559
55486
57493
79685
23030
4121
9530
145773
4706
11260
1303
5832
64747
10807
5613
64801
22873
4358
5757
57465
342945
10613
79033
84966
7056
286530
130399
7410
330
25925
29979
51727
145508
645
84919
80727
25897
6809
51257
145567
26002
25913
29915
118812
5243
84875
3930
83595
375743
55197
5049
57820
55719
91012
9275
56649
57706
6464
8836
29099
284069
1487
221955
53944
51302
126526
51455
220965
7343
2619
129880
91664
81688
283431
1398
51504
3818
148867
26235
3141
53371
50515
9046
2153
2944
159
10319
5565
718
2175
200424
79188
57728
5511
7068
5880
29998
23468
64147
11176
116071
142678
283870
157657
7903
23133
27044
9465
5718
629
326624
645121
2057
107987462
23380
200844
1131
55790
157773
57834
29082
1198
5071
10554
9897
152100
3459
79095
55214
84708
84259
8612
7465
7533
6622
80774
84467
2982
3936
56548
4430
253650
60560
1951
6948
996
64848
92170
84460
5130
80816
1164
55074
26024
90203
51084
8406
112970
4914
79660
147463
2813
6608
9588
25853
2840
1687
50484
2628
4332
107080638
6322
6712
8085
9846
100287932
1509
1892
27005
22841
23333
2176
26025
100874369
348487
1501
221545
63877
8895
7419
5455
23505
3097
29015
84272
3676
4033
144404
9194
23246
8780
25847
393
55084
353274
8428
64145
10325
10252
113829
85377
4892
23197
4897
3321
1800
3608
117531
5538
133015
1603
7305
3316
55738
79137
3714
286256
7177
379
84944
64782
23560
7458
55196
84285
51280
125
10410
81855
400566
114781
84102
391123
5217
55809
8125
51030
27032
150223
9260
22858
1431
114659
8718
79918
152877
3635
121506
11194
6894
51100
84909
51389
9781
3658
2000
3569
54857
10983
84449
5701
5191
55163
63917
923
4848
8462
3824
374969
163732
79784
7051
8844
1201
55342
23061
11329
6920
8930
7328
149013
10134
145389
55957
8760
57590
7204
58499
27148
8792
8838
7408
6494
3872
23314
253260
23059
10788
10875
266747
27346
55064
10587
91419
3122
150368
79695
10146
113000
7704
7018
11252
1318
51382
225689
1832
8994
7112
132851
1643
84717
339122
4606
5742
196385
27132
10105
5978
10961
55814
116461
55225
222950
256281
55573
6444
23181
79979
150383
727910
56603
83394
79443
1808
79723
22981
79583
80262
81490
56006
10282
55924
63894
23130
51434
23200
374395
2746
9228
57161
8678
55607
8030
4267
2634
155006
55096
93649
5795
55602
9966
57089
55734
56000
133418
10585
11130
84168
5339
4957
1948
51318
149041
80345
1798
5311
222068
55829
51594
7566
91056
57461
121512
53353
54810
51646
10857
10550
9516
9873
79031
27020
92105
64859
23129
64951
26470
29984
79797
2990
875
117145
91137
6760
1378
4722
58476
127281
4012
11334
10869
51444
1351
64927
1161
115196
4637
3779
9048
5801
25929
55647
94234
4074
80755
196410
3708
526
26292
7297
667
4620
84171
157638
9403
91252
80829
9755
10768
92259
661
56954
952
25979
11047
4925
55791
1211
84286
399909
221927
84920
9379
2700
140885
2258
84159
27107
1796
9736
10101
143662
10573
81790
199692
6124
11118
255919
79879
56704
1327
79034
55330
55860
847
56674
202018
444
10491
26468
158158
387921
4983
5683
397
7046
151613
55703
1408
90861
1877
51465
587
54469
9617
84298
55614
5936
63892
51271
282969
3916
29888
60682
2355
10445
64168
54210
83953
6405
126295
9201
602
54797
23268
64949
54058
9719
54476
672
6143
51601
7184
200132
8857
51642
6262
55209
148479
3797
11069
7088
57562
2790
55827
10615
90806
6168
57456
54806
91433
9672
3965
890
8448
10249
30834
6615
9510
9262
10142
161291
7205
22885
1777
55629
9324
2891
6222
30850
23252
25989
285172
8638
3903
11160
124995
56647
9819
1959
146059
10749
2950
51517
79738
51496
79629
54434
115353
127262
81669
5959
80263
5089
51726
6202
26001
53916
11054
498
93986
6901
54902
563
501
3587
10569
55714
79840
6941
3675
339479
2538
945
90324
5714
84926
167153
283464
51573
7376
166647
84869
114897
7266
2958
144608
27316
135293
5360
6659
114789
6997
128
8479
1297
51347
79728
285753
90780
3069
1432
84991
136647
920
6924
79827
988
477
79680
4920
222
7077
55650
79937
23062
9555
11212
25844
23331
1288
85379
84656
211
957
79038
1593
4809
55205
9709
8202
50717
55716
130589
5362
9907
1663
22908
5595
128866
284001
55061
55160
6810
158586
9267
55617
197257
6605
91010
162394
6251
7637
91614
23779
10418
25974
51177
26100
284654
10970
2671
81610
6730
391
11076
5822
3652
8668
10238
5916
10300
29914
25987
51244
6187
80895
10123
6514
7409
9528
25915
25780
2108
58492
79048
10114
25972
8514
121274
2551
79925
25977
56934
84975
7049
3934
307
83448
79989
10228
126353
284131
8761
57692
339344
51643
6431
80737
161725
84108
4636
1674
221037
359948
29785
2776
7767
10507
3280
57711
51633
3600
871
8943
11015
59349
84614
1462
29940
2300
55766
284004
1609
5036
5604
2863
6492
6571
4928
116028
1445
78990
55437
79693
131583
27153
79968
2631
114822
415116
23082
2067
100131827
1628
6018
3895
163126
130497
29944
8891
219972
54432
94241
285598
84240
84181
84270
124565
57524
84640
154881
55835
5780
10628
5432
11041
2783
9883
3400
51241
51621
474344
23366
2786
30835
2197
149428
10890
8504
27034
8273
79269
9989
929
23413
6626
79573
10457
150709
79836
2995
28978
23204
1043
54623
10311
1063
4947
54477
51593
388531
3948
2313
28972
23243
2644
8816
8453
1797
57569
56998
100101267
5890
143244
80704
23140
517
94059
60412
29844
4736
3232
3250
11196
10205
51631
54807
28908
5609
245812
10286
54876
84553
84733
133022
84627
657
6647
126789
10179
84329
65065
126626
55789
9905
79064
29929
3020
26057
4842
51705
55333
81562
114904
341359
54809
8915
79643
201266
3055
6233
9440
4331
3739
83594
114898
6314
195827
166968
55157
3008
11004
65265
5590
6396
2764
3949
79830
441476
54919
203054
84317
9898
80124
23462
3553
5193
518
129563
83719
8985
10810
113452
4921
79872
4548
339451
54494
65258
23300
55285
2206
11120
10045
25870
57473
65997
575
55311
9589
6230
51390
9615
54952
55654
9733
25876
9698
79624
27018
79811
8536
3606
64769
387103
10463
5947
51422
3172
10427
51290
811
64852
221092
7741
29761
5903
57019
23649
6426
10160
79832
80324
2920
28954
64434
55611
41
51380
91392
4744
3781
9120
23635
80222
286336
81502
9310
5770
5599
90390
80304
2287
1185
22979
53405
84059
24
117177
2119
8714
5789
10654
5587
123879
57169
1953
112
7699
3588
10553
1038
374291
132001
85414
6242
28981
166979
2115
6320
23131
55266
6611
9520
7399
11033
55769
7762
1452
4598
1153
56946
83849
53340
56672
84062
4597
57520
9788
123228
222658
7728
54880
259266
84073
57696
129401
152217
114790
9110
706
9875
90355
5813
54957
79085
9694
79637
23410
10529
4145
2526
3613
84795
4900
11062
1847
56252
55166
5080
2180
4515
55329
8799
5983
29118
54625
8476
65988
79864
129285
796
223
159371
26088
54534
114792
6091
7320
9423
8301
1123
163223
79754
92
5155
10038
1101
7737
5496
9625
145282
1069
84100
54820
54819
10208
5719
51109
5074
9123
57511
79587
1259
1855
9069
79411
126375
11161
26207
619279
116931
5169
27087
10422
79969
5693
7857
23592
55167
4057
51334
6182
6603
387893
139065
3158
9270
53942
51283
275
6927
9880
5881
399664
9945
155066
55319
84529
57559
6616
3202
339448
124808
3662
55779
23007
5098
89874
57154
80271
841
25776
3709
7186
65082
51093
9361
54928
55589
57700
51163
84881
27248
84851
27249
55176
2052
9147
3899
9908
29126
840
6911
84466
6876
8404
57508
1770
217
284297
23094
57568
79631
133121
728635
84328
64799
55027
9774
8972
404636
79414
2624
22921
283989
10057
130340
2006
80700
7307
10505
317762
55588
3759
5663
23625
57180
51058
8996
9370
4288
443
128240
64093
5460
81892
