4116
3187
10048
10987
1063
6840
7316
80305
87
324
3601
8915
257019
539
7322
9867
2908
6421
7514
23382
9898
648
8452
10528
58480
309
23327
83987
4751
170482
55847
6059
132789
5987
8604
23380
5515
1072
8841
10009
51386
4914
5682
11047
1628
3428
1457
57587
5869
2664
11335
5591
4678
8350
23468
3921
9097
58477
10765
8535
7756
14
6134
55603
57187
103
6950
10971
3015
8363
9782
27185
10127
79666
51608
112950
9623
5931
5252
3832
6228
7150
7726
10273
9531
84759
8239
6429
6434
7385
6497
9100
80149
23633
4171
85440
7415
4738
10949
7133
7184
1315
10010
1869
8202
80342
26127
9414
23363
58517
8353
5195
11133
55140
4093
8888
80279
3728
6794
3014
58478
80179
57217
4176
6201
79691
9636
81608
3981
6595
63898
5500
4904
1994
80306
10598
10575
25807
9217
8539
3064
2521
7534
8338
5108
10112
4673
672
3082
6230
9702
3459
10482
7531
5208
23028
8676
57506
121441
203068
54815
988
6780
6129
1407
7917
5905
9815
5062
3163
140612
55133
6119
1387
26039
8358
6628
9656
8669
8667
51619
55611
8357
8365
1025
3609
10994
2547
4609
317781
7431
867
55668
56341
4869
6139
8409
2296
55758
6613
4214
6137
8366
8496
11218
2091
23344
7086
5580
100037417
57520
10298
7529
79155
8517
27252
84717
1107
3066
3178
22827
8481
84318
11035
4641
2017
5518
29966
3093
55905
8648
10498
11284
9820
55023
142
498
55003
9045
50512
54534
6182
4092
93
9401
9938
2332
25948
10075
1642
4208
1627
55607
3843
81847
7030
2010
6760
23637
23400
1385
6721
3190
6427
359948
81669
51018
10573
1039
54472
1431
7189
8454
10342
4793
81930
5704
23524
81831
8660
7249
1612
5713
26270
3020
79711
5980
9759
8367
93474
6672
1788
26015
3611
5360
200895
1656
125115
64210
57466
1478
6102
10014
122953
8899
7283
10694
3575
6155
8189
56916
5599
1027
11100
6117
11078
54785
5925
113523636
48
10421
3146
2065
2885
22879
64601
9774
51535
54464
22948
5795
64342
23423
5093
4173
9343
23450
7321
7186
28996
4204
51447
64175
5460
7158
6118
302
6792
55833
79132
3692
84081
9775
51503
51133
90507
5885
6222
26060
53615
6597
1655
207
79577
55967
4701
8837
23451
7272
6472
5522
220134
11171
1832
3437
8312
5110
6199
2870
8342
5598
3275
3329
7297
84449
8607
9643
3192
226
4886
3005
26227
5595
8751
5609
51143
238
55148
8354
11043
51035
11198
51592
23612
94056
24140
3836
1408
3171
7088
10189
4436
8480
8021
10376
5295
8036
22808
5597
396
6598
10018
57616
23281
7410
8651
23198
8360
11140
282974
121504
6890
26046
9657
7337
80010
10477
6249
24144
4193
107986084
5660
2108
3309
10521
4774
3337
9678
84105
27067
8575
6626
51637
55832
3065
57621
7965
54069
54918
51435
369
9804
7372
1277
664
60312
7329
596
2806
4683
8836
9203
54891
10856
472
8091
9878
8453
51714
23112
64319
7094
3184
8726
3856
23166
23062
94081
55623
54517
79018
2668
54865
3959
11331
84313
4763
10868
5718
8826
24148
5071
8364
6875
2957
129831
5716
8343
4147
1857
5430
7311
11135
1856
10640
382
2033
83737
8650
54870
4089
9325
5970
904
5371
6622
25962
7879
5868
5127
84126
11345
79876
23144
51491
23476
3032
80145
54512
10951
84787
1203
10423
7414
5829
8449
51012
64121
3958
1717
83933
9612
4233
10011
90273
2260
5700
10717
701
10714
1108
9929
805
7157
613
7411
163786
9338
5894
9869
80097
3024
26156
2746
27257
5433
9646
6169
10179
4627
7525
5707
27316
5528
8500
3615
29079
5601
23162
4832
4522
6789
51586
2034
25902
9146
6314
203286
9933
6711
10890
5954
29843
50813
5884
10291
6428
3799
25929
10928
29844
4782
23091
219541
10250
373156
1650
55295
10653
8668
81628
6299
55749
9939
26574
83759
5936
9043
1974
6599
56829
7082
84078
81622
25844
51661
79036
55813
5128
7532
9945
64174
54908
161582
55507
11311
10055
50809
81
8260
80817
2181
56257
790
57534
7325
51444
51222
25925
93643
5008
163033
23469
6829
79882
3837
55692
708
9457
9204
6477
5685
259266
100288695
57708
5725
4292
6576
85403
79101
51493
54148
84311
9777
81790
9879
9530
51320
5520
3326
7014
23210
63926
8487
1314
9589
5064
51773
7277
84612
64792
7171
10061
25920
2969
29126
9026
60493
975
10492
92906
8939
668
1639
3313
3608
55646
5201
9737
9219
57521
114609
7520
145508
55131
25885
5202
9968
65983
200186
841
10210
4236
22794
5770
5320
3315
84131
2189
8665
55844
80760
8493
10664
8243
113130
287
7515
200558
5886
1495
9948
997
22809
105
8968
57504
5828
10733
5708
57510
8767
1892
7430
5962
10015
10772
28988
55785
160851
55605
1977
90850
4691
23076
79701
10082
468
10970
83992
11235
10541
221613
11120
3998
996
84749
84197
22954
2316
23386
57565
6217
23549
9882
7314
55116
3597
51652
27183
2023
22992
55170
8924
55810
23394
51067
26995
5424
9368
79017
7257
64969
51649
5965
7175
79776
546
7112
400
829
5099
81887
4216
116840
7391
51193
55651
57082
79003
2002
9314
57584
399687
7469
5711
5395
57599
159090
51121
84365
55367
55755
25
16
1982
3181
6624
4651
7284
10857
255738
286827
26999
23268
2742
5311
83903
51263
26258
55093
1468
10813
100874074
6015
27339
4851
9128
126961
51729
84816
158405
79634
2059
4191
2272
9698
9902
9821
10916
7381
55841
10980
54840
8815
54939
23385
9197
55219
51742
7156
10540
23063
8877
8370
6709
9972
65108
53347
51548
6648
7465
10809
23397
8290
4291
10131
892
6605
6604
29775
2077
22976
653121
2876
84268
10616
9246
6878
2960
116113
8560
57120
79839
54149
1739
2977
79959
22980
147872
57547
84926
57179
2782
54331
2896
26354
11119
11118
3185
7264
6432
51631
51073
25852
1386
1054
25942
64800
55069
22832
9031
10155
55037
101928160
27237
93487
5511
2634
3159
9218
22930
2597
5523
127002
8878
51081
2926
23367
4599
3621
4478
4212
10626
5519
9695
6732
7745
3312
9546
7023
7919
23242
4836
64425
126526
23586
5594
7170
1147
9669
22919
8761
10458
5467
8065
1503
56915
57326
3996
387
10419
3308
3720
7203
100526740
3735
54540
55180
5116
51780
10128
26121
10426
6233
9730
5565
2079
4927
55308
1778
5564
55178
8945
8697
4798
23345
9557
10618
11346
1213
9877
7874
23411
3297
84062
10788
5976
28964
156
131566
6868
3188
10325
54953
80210
10134
871
57761
1649
79058
55666
328
5356
10133
7552
6500
51138
196441
673
5604
5286
8352
55906
57474
57636
8362
55610
27333
813
7706
6949
6741
267
842
5727
4112
5709
3205
6611
528
23517
5516
2938
23543
6311
112464
8518
8520
57805
112858
415117
6400
92521
121665
2800
8464
9044
22938
55660
5702
10138
26040
7155
51122
27141
93343
55213
10059
4862
6256
9987
3030
6235
494115
2810
57511
83548
2887
8658
23729
9793
7846
10049
3300
116328
55737
23
7507
7508
5681
55054
162989
5887
9391
7490
23641
2959
57154
100128966
4946
554313
25839
23435
6430
7533
5784
3301
6464
821
5603
6810
4820
10397
25782
3551
6935
10589
11338
22848
2317
27161
3945
25895
310
6399
550
11236
7251
9639
51651
80762
5830
8528
4323
6671
4899
55722
2802
3939
65057
126364
374654
51377
8361
3303
29945
4849
342977
10103
1947
51634
9875
6832
6655
3310
203054
10460
9817
54433
27101
54187
54972
481
1432
6224
54938
2060
7266
54700
5978
6601
1192
4052
1822
8737
80304
5245
5782
10051
5521
10969
9709
57727
90441
1073
71
55086
8440
8289
286262
10574
10915
10806
8175
6627
85439
7905
2590
129401
4629
7979
6737
3665
5577
51428
23325
1653
10188
51429
51560
10277
84993
8683
10236
9371
79016
10204
79657
64682
857
3741
5423
1069
8662
3984
4670
55622
11156
2309
8614
57650
55658
56254
9532
9252
79053
474343
79693
64856
55719
51499
55585
84726
1499
55297
27352
898
5154
10845
57530
11007
23270
23338
51147
2804
5983
2274
3399
2872
7286
9910
56893
6692
8467
81620
9958
10592
8666
27335
8985
7052
55644
8270
7307
10929
23636
81027
26088
25825
8468
3550
79173
4000
4001
3096
372
3416
10346
10611
427
7248
5747
1051
6634
84164
4780
79680
100529063
10165
4513
10724
6198
4686
50807
143187
9482
993
55011
6830
6196
6294
5498
3304
25793
5094
56852
6872
5691
26747
2776
51433
79072
85476
9527
50488
84056
89953
7323
5933
10672
7132
5156
6643
960
5058
4771
81559
140461
5290
150678
64151
55114
8567
1654
51647
10413
51663
7466
5686
10617
6774
6310
3104
129285
347862
54899
4300
84309
2783
100861412
6452
3183
178
9513
5928
55957
8565
162427
54487
25939
9590
7037
4255
54828
5510
1374
23567
29789
5411
3980
3622
998
55149
2629
1736
92345
54434
9411
9413
23013
5771
7936
153733
541468
11154
8402
8030
5034
4640
22916
23365
8777
59339
259282
9781
31
1270
8294
10383
8543
54821
10284
79786
5898
3012
9001
60528
9141
5321
10524
26092
1154
4087
51455
23295
6919
10137
2058
9140
29066
3068
6749
22828
23379
9181
9129
3717
23557
2353
23177
1487
64841
80323
5339
1915
80271
5533
4907
9373
56993
9184
8573
3606
8241
23136
8720
5824
339487
50628
8742
4090
8887
92002
10526
10985
1937
8975
64343
142678
389677
84172
8711
9667
54625
1975
5862
2319
1479
2956
79803
23126
11030
6929
3398
7538
11168
9584
84305
90861
4952
23173
55699
23283
51755
9967
27436
4141
26985
63875
8301
27327
10212
6633
10771
5437
5217
10625
151195
9640
5585
56945
5337
9406
3055
3572
10594
23559
9908
10667
51593
10580
96764
23640
466
220988
4860
23466
8335
9099
1543
2289
124245
57092
641
55529
10844
440145
2186
10286
1938
6191
6667
4297
8220
10927
84823
728642
11200
6197
11108
253827
23405
79913
7374
1789
7416
55094
55837
26230
51009
84447
144501
8661
55291
79948
10096
6181
10567
3842
79869
3643
2875
2243
134430
283078
51079
51684
27148
23054
79139
4800
9265
5939
56259
4296
26993
26003
5916
4047
25814
89848
23521
6132
23556
83692
29979
221150
4645
9015
8663
23670
118472
23191
123879
85236
27131
23184
10947
2869
5927
5204
8850
8359
10480
405
835
25788
9474
4926
54737
55246
5984
6141
5144
56474
201895
84450
2617
10238
219844
79943
151011
4854
79446
285753
3673
5877
64960
7295
7128
146050
54039
54520
51397
84289
54778
23764
81926
51160
1936
79589
7001
342132
80135
79159
2564
9236
2118
55278
8545
1793
1891
7205
8356
8106
64754
92609
4794
196513
7536
7324
6237
5900
5431
10642
11052
6122
9961
11269
410
7913
10673
54623
9569
6389
23065
4331
85363
203259
9112
27292
114984
669
9733
29110
7541
51196
4893
1129
30844
3339
7111
56122
7187
23401
4736
326
9342
23673
23595
57122
348995
11097
55110
10363
22936
27107
832
153527
7386
160
23234
5581
5587
5445
79770
11021
874
27351
130507
81889
27229
6867
9201
2308
55794
26135
22878
51399
2975
23326
27044
7159
27238
6455
6938
3182
112268148
65986
27286
55589
147700
9349
9555
6836
79001
6194
6193
9463
26278
5706
6696
4282
5435
1763
84950
49856
834
8835
3910
100534012
124997
7358
55892
4733
9946
124801
9577
10758
6426
23012
51061
80139
4294
55174
23211
23649
167227
3726
10972
57619
9794
29086
9833
2934
55233
5929
4602
11073
151194
1613
25945
444
8649
23001
3133
118
1460
50855
57542
83858
55831
29978
202559
6818
9175
6566
9274
5198
6505
10550
406
9575
4149
374395
10923
55329
3028
389840
58500
7169
7019
63943
9588
23645
23046
54762
5871
84271
1981
9113
5563
6293
8874
868
26043
55898
29888
26100
55596
445582
9070
23135
6347
51010
3840
1909
8428
55602
1677
3009
2176
3045
84844
91647
873
6125
60509
54438
51575
23534
2305
10190
375341
114793
6838
53371
9183
25836
8930
8337
26147
81533
2071
10542
55340
11102
54913
23143
51116
1388
115752
8139
8087
27248
5878
84851
5903
54507
4134
201595
4698
25873
23094
54531
2354
10755
55914
56943
6881
92715
10467
25963
5052
139212
63971
983
51388
6047
56655
81890
91662
8165
323
55506
3654
10422
6257
3581
5140
10523
90480
54892
27072
55014
3661
10522
5801
100287932
7764
10454
8339
51719
167691
27250
1316
10495
2767
5998
79960
29763
79586
5230
11074
6461
55215
5888
6602
51162
55638
4217
3148
3823
2273
1453
23353
22847
5432
22890
10849
89890
8536
57118
86
4302
11214
5214
28231
7517
39
311
665
55240
3008
28958
58506
22913
1665
84991
10963
9627
84707
7681
80777
8763
23438
80321
7554
56888
79735
57189
9784
2719
29104
65005
7084
55856
201161
57459
3191
57673
9521
25897
506
286053
5705
56886
128308
94240
4728
4724
1738
1737
8805
1198
9984
84083
3671
152006
196403
55290
23039
3006
5335
1195
55671
10159
10865
11160
155435
6612
57645
27089
7049
440026
10146
85377
165324
6992
54927
440574
55628
2280
10981
10207
7341
84643
373
6615
84330
5502
9147
23580
7709
55742
4211
55324
119559
523
201931
1964
2671
54858
163
192111
246330
8445
6917
57473
2039
767558
2821
322
55625
58525
9425
79947
116150
128866
83660
9700
2931
25861
4038
5611
55715
9789
375056
6142
115426
7067
6625
10606
1659
54951
23511
10466
64838
63917
65018
170506
5394
1797
55707
9921
10615
284058
333929
4889
51255
51378
11130
55781
92305
11177
5087
653604
5049
84060
1540
81858
5469
10181
488
9318
51744
84270
152185
5911
9049
10728
4012
11083
7328
89970
79866
5876
8351
158
5422
51194
1643
3667
51552
6185
91010
29761
11113
151648
23522
8721
8795
7145
64837
8681
4841
9918
55197
51676
5216
22995
10111
23354
8936
25843
7871
6152
6154
54477
27034
56648
51132
221937
9451
65056
10445
2595
23186
274
79718
92105
440689
8473
59343
56897
157657
80830
1911
9328
112495
705
5573
5330
5546
10142
10054
56931
5529
6782
6683
3915
10062
5683
55061
170384
64145
581
9823
50804
7317
7029
11273
9738
51422
10450
8355
2042
8780
4831
1525
27115
200081
115509
90864
7343
8099
29088
8110
28981
246184
2314
90678
145282
22839
586
64219
55388
10241
51329
23492
1345
10465
91746
65083
55740
8295
80148
128
2130
5178
9372
23410
107987373
94005
27043
6801
283349
9416
8504
55670
80764
30811
51692
154141
6390
127733
79871
5436
540
2745
25956
1182
3965
55274
2784
9628
84324
7818
140707
3985
11143
10726
340359
1810
8368
132158
84033
51280
10211
79080
8894
84186
57117
84134
2935
4905
3742
3699
54739
79980
5048
5531
79633
5906
8794
23558
6653
284654
9911
339287
23085
2965
26994
7556
54904
2237
22931
10040
79734
57787
139716
5336
90627
80755
7589
84307
10670
51204
10799
9169
699
9682
55661
54958
51097
5347
8570
57488
84790
5694
2665
53826
55142
8344
51561
10973
27332
55300
9475
10658
10109
8861
55218
51028
5915
65993
8829
63932
5428
6259
65080
5297
55156
1809
8031
85021
96626
25940
29068
5425
55746
65059
2193
5303
5268
125150
83879
163071
7268
7690
5579
2271
85456
4301
9610
10614
7025
80700
26173
55750
57465
4628
1727
5692
9256
29123
91949
5090
23204
10058
9021
51760
23271
23396
489
2737
51112
55269
645455
57591
23196
116541
139285
5861
11224
2898
23212
93380
9770
65260
54977
55684
9755
9734
23164
7263
55968
54996
11117
25865
90993
574406
55778
55007
10487
191
6208
5226
439
153642
5932
81603
55177
79886
55284
22803
11107
2672
54431
11340
54726
51100
64284
5000
55720
308
9648
23034
115353
157769
9886
55183
54496
4194
6383
57192
26191
5170
9306
283899
4615
10226
1058
5989
52
6493
23047
9666
55173
4779
51295
84705
50717
5701
55015
80013
6934
3007
10130
7812
10902
58499
84080
286128
54995
91369
64062
327
928
3688
51603
6418
8526
10735
6712
10497
1660
3021
11196
23244
7862
84132
56616
55819
84572
9564
23005
55578
8125
222255
9040
6210
114822
60468
5530
1827
54855
64223
5495
60491
79780
9493
25778
10180
55364
80254
8394
144108
5902
441549
9054
26524
55172
115416
10992
55784
284403
284086
134492
3052
64784
55521
81502
7182
10084
7384
6238
4205
3420
57544
326625
92399
81544
22841
94134
222584
3993
5714
3156
2107
54946
5966
81892
23741
100506658
84656
51202
64761
2066
55209
84196
11044
221927
26140
27086
9397
132320
7798
29899
7270
85378
1676
23225
10468
64802
114799
29085
84988
4735
8664
2495
23582
2735
5481
55210
3892
9925
91544
135293
55004
124739
4209
10213
5833
64783
1615
2068
57654
64689
7074
1508
8456
3895
2222
51527
25855
10954
23753
9559
283237
9354
54851
284001
9361
60488
28977
5780
6591
91748
79178
275
11129
6722
125488
8340
1059
9464
10643
25777
5160
57634
80705
85302
23111
9093
4695
7433
54820
7265
6522
7903
3486
4076
55153
23239
79728
9295
11124
64978
10579
2323
6897
7837
25959
900
84247
202
25809
56302
3150
4983
5867
9786
57819
11333
10712
2109
6996
64782
10645
27159
84343
1355
29957
1020
1047
10537
26001
64599
9255
11315
132660
8458
79571
10116
8813
6730
64763
26128
80223
2643
54386
51606
2050
84549
201292
51400
22920
55696
339366
7841
10147
5536
9928
60401
8436
57470
55033
140775
5796
2119
57381
26235
23404
90427
55869
51460
826
10360
2037
81875
10197
19
4706
90624
1212
164
23759
79670
220965
23532
8533
57198
29994
3976
5089
4192
10549
57546
4776
55850
60561
23016
8897
51154
54764
10491
9367
9685
7746
28986
51141
79705
10908
140685
57532
7586
7579
79109
10200
5814
4306
9526
10456
3566
5781
2560
54873
22807
9644
3815
93974
11193
5631
2199
2200
3992
9785
753
1952
513
6446
6729
57476
6431
118987
144811
55854
10656
1271
23529
58509
11145
10379
8314
84928
5001
538
11186
60370
84206
83539
112939
4731
11138
125950
84254
9486
65117
63982
5934
4807
23155
4040
4864
7165
5641
5557
79169
79088
9320
8883
64377
26108
11342
58504
5859
91947
5163
10293
55505
29956
79071
9857
3069
2048
84619
29916
55143
100506403
1948
84904
10938
23355
26155
84295
5045
55690
9209
8760
984
6449
23253
9135
23392
56957
9923
4074
29911
6489
9324
7068
6670
51693
51720
114883
7290
80273
64834
26009
3265
8050
53407
6136
51107
55851
23201
64744
774
6907
102723728
8455
1022
404672
8986
1666
51807
2787
166378
11201
64708
87178
4082
10365
148022
1933
122769
6143
9736
334
2733
79660
4953
24145
10564
4222
7041
4712
4725
55729
23265
57489
4601
63979
57215
3476
30827
7318
55503
6281
84937
9724
84321
440275
57132
79443
399
11072
23395
27350
7458
8349
9853
3586
7057
3685
8895
114803
5576
3092
23523
7737
403
56000
117177
2967
104
56052
64374
83590
124944
11183
5082
10193
23247
6817
26086
55022
4350
150094
3983
80227
4361
1031
10978
79944
5655
10336
123228
3709
55365
400793
5689
9410
687
55669
64222
92597
340419
10240
64965
4287
3001
9894
11059
8672
222643
57647
51069
51253
4714
9321
116540
8078
51317
126375
79649
29935
9846
4289
5434
387496
6728
219333
80232
26528
8329
83640
79842
22826
81844
5073
63978
5479
4097
114034
5982
51529
55137
1969
6874
3018
25989
5494
2235
225689
8912
23241
483
124565
800
10629
51616
54629
3636
6157
1266
23133
55920
8554
3417
840
10848
23097
23495
223
64283
116092
23024
27336
6742
22998
7178
11065
7572
2339
8073
9798
3956
54462
2631
29117
23493
80025
116115
7803
2624
9831
54476
25921
57456
7528
221786
6778
2067
79696
2961
4058
51319
65265
5129
57674
55718
171568
4580
8192
725
11258
65992
203197
2244
283742
151050
839
55809
644
59269
1965
8653
11034
79682
5566
5037
79874
91875
9205
11178
23506
51250
1958
4664
8439
130617
56243
9261
8969
9748
3784
55615
26509
90410
11277
27037
60685
79763
26505
51633
5883
4521
100272147
22800
91056
23087
79027
340277
4726
57492
80267
6469
55653
9868
1384
10762
285282
79840
140460
10953
3475
11221
60678
29098
27287
344558
83658
22880
81611
257160
3612
3340
5550
23644
55276
54776
23369
9816
55157
81563
55048
51747
55916
2897
4684
5164
23293
100505585
11069
1512
57136
5159
6799
5753
55702
51264
4603
7422
83743
78989
8971
9813
205327
57696
27173
10657
57096
5810
1500
204
57505
7204
89795
1439
4267
51236
4998
353322
54853
83894
121457
6776
55181
83478
143903
94274
54940
4605
23092
25966
5155
6258
4486
81572
7095
10565
89910
11157
80014
338692
10516
573
9681
79576
59345
51602
738
89846
29982
10884
10509
23313
6888
4239
27246
2589
9934
7107
10254
91754
23167
9658
57461
5792
7994
10270
135892
84263
3660
5567
84310
9686
1102
4925
25797
55734
79142
10432
54014
4929
22911
5910
8498
5305
120
6835
222
56342
6103
79171
55254
85014
153241
27297
8880
9478
9819
135644
245711
257397
6631
145482
5438
10006
23158
26145
57639
4830
1164
80349
3336
54475
2539
80143
7750
10135
10410
4430
22934
9810
23042
65220
5695
57418
1004
8678
51759
23060
5981
27300
1978
57684
54606
2677
63920
9779
79643
8336
23195
7326
3623
8907
10914
144132
51495
578
219654
1326
8204
25949
51605
90102
22900
79834
6571
4094
57563
55128
56922
23464
200894
79026
79465
10691
723790
5605
64968
28956
1942
643853
124790
23078
83594
115098
84516
6095
5899
23592
84514
689
85461
51247
6895
8906
8317
138199
6442
160897
4145
260425
22875
6206
8470
6691
84923
137886
10807
3672
254170
6910
83892
9739
123169
23142
10644
823
9741
8332
27330
23317
4913
2073
636
8061
51118
6284
23070
124359
54993
9086
55829
120224
10725
64786
26507
9604
91319
51465
55662
8976
147179
22862
26292
2803
4850
23019
51228
9904
9647
94104
131965
825
1519
4775
80184
26097
26512
151636
64801
20
60343
158358
10935
11325
348013
51321
7551
28987
6209
10459
4007
6820
51103
1523
22885
93323
9753
8625
285489
1841
56963
84617
284297
22985
5496
9706
7402
10274
64400
3790
26018
124583
261726
55863
54887
28973
6499
6945
22877
57403
3267
10102
284352
116225
145553
9213
51734
10019
8347
4704
9790
333932
149603
54811
26094
26973
55612
55082
2954
55823
79158
283373
23038
55763
85379
10682
124540
2923
22978
2081
57162
4152
6231
9382
283489
4189
231
9185
54882
729967
2661
79020
64777
116071
64089
30846
23301
55288
83700
9595
51371
728689
55697
100137047
26520
26515
140691
3013
26084
6227
4154
2588
55012
9851
55072
8273
7259
10362
345275
5033
9871
644150
4690
23098
64949
57592
54566
144097
80144
9360
79989
10106
56946
340719
92
6133
7443
1263
3646
23179
100302652
90411
7434
3090
175
90522
55534
55884
4821
54893
23192
9826
84376
9125
55266
2551
84296
10101
521
25822
51726
10956
10461
663
1104
64215
56882
55531
10087
5447
29969
64216
84441
23491
4943
11215
9519
284119
10946
10569
7163
4677
4013
128178
54902
7918
58513
2494
8816
161
64426
53981
3098
57600
201163
65982
6373
23307
128434
83605
6192
55859
9836
659
10409
7216
283337
7368
55341
54973
51300
57572
116985
84817
55633
4739
55971
161882
57695
8890
8892
7167
54536
51128
10024
3977
9726
130557
6337
27230
222194
64080
51655
80205
9019
28989
57185
113220
84775
84886
3382
4616
5608
5427
25820
7728
1997
219
51185
5134
10652
51272
84938
59271
10471
23160
9874
51574
2045
10308
81876
55757
23207
3918
5977
6731
972
3238
50484
79893
3987
23071
6092
23138
1808
1716
54952
11018
6218
25870
11080
24149
8398
55620
7408
79002
831
55795
6877
140459
79635
55681
283455
51056
9828
10427
2762
1121
79811
4833
23080
2868
89845
91039
6609
307
267004
8743
211
1993
10001
80781
65979
56896
25973
57609
253782
140901
1781
64864
30008
661
8995
4810
9670
8092
9352
25915
6767
11031
116224
1605
64146
57337
92799
522
9692
1105
10085
10654
2861
10294
23334
84218
55249
100528062
10276
90780
8741
51181
203228
607
1854
84299
715
9139
92140
34
79888
130502
55052
7584
1912
4650
80185
2771
80262
8548
26271
23163
57019
147923
64147
1855
221504
5291
5612
132720
80347
27303
50626
8195
10959
54941
55700
55152
10198
8505
2626
51002
9632
4665
9880
1436
8313
25828
93233
2747
51517
55768
1663
27113
4314
51127
3635
127281
126820
54863
6745
182
9064
23095
55353
374659
56255
29967
7511
80829
1968
96459
8323
284695
1979
55421
2444
93627
55013
56910
29062
83989
27342
54832
23190
3914
29970
66004
221079
90952
4801
55188
955
23412
10613
26521
7730
91603
4597
29109
1312
2247
51365
3035
115939
64083
6747
29855
151903
5036
8346
10801
29995
23224
57222
4245
79068
203
79654
8411
7464
8891
23770
57692
2122
27122
11079
10794
2997
2992
23286
8773
7629
91304
29101
9421
27
89853
7707
64788
197257
4617
51144
8820
23368
100874369
55352
51520
27348
6845
83667
23051
7705
80864
129685
4520
51200
79714
10272
2660
83990
10558
79872
9665
55262
65094
2764
84262
256471
3118
1327
4512
127544
114885
57205
9409
819
54205
83637
10163
9917
56270
259217
60490
10056
3017
51667
5819
147015
10452
4035
51268
6016
2192
10781
221496
4026
55654
6091
55256
1749
28992
989
684
8863
9889
11000
146223
56895
221830
79608
1725
963
27309
6050
2021
4594
5740
116931
284677
5019
91582
90324
81789
79590
883
55351
26164
26119
2264
117584
8864
23131
56181
80856
30845
51699
80222
1477
3927
2242
201475
55554
83547
26098
84905
253512
5730
23787
25926
54505
63908
4702
64746
9699
22937
6341
27243
5891
1124
4924
90459
22
89797
55347
388115
50
84284
10463
374986
85464
10475
1282
54539
23318
197131
10042
6943
57409
53918
10950
8227
23762
26115
7220
6786
51599
254428
23303
54998
23152
29072
64129
148789
26284
284459
1843
8079
26953
129303
6546
84626
54758
23172
3036
10123
23635
10769
2000
23168
79956
60592
9637
7078
7991
2950
51292
27128
25936
55344
27018
5763
79845
79754
7566
8853
27129
201627
26133
208
11112
23002
54732
79720
1375
2736
5979
65975
440193
7468
92922
57703
78988
57325
2531
3920
64395
27102
90550
339230
81846
23471
29760
4084
22899
2322
64925
80233
83930
79441
1490
50810
79075
463
10651
3219
6675
23306
5442
27153
57679
10767
116841
4128
3693
55346
80344
113675
114876
51594
4249
146057
57662
6240
9792
57551
567
84920
84629
27145
81025
84916
57707
200424
10039
317
118812
4711
6301
51129
9442
84864
858
10723
23515
5786
84221
80206
57706
83734
5007
11329
1329
29919
10278
128312
1075
59341
4710
57631
2195
3839
6159
79650
27254
23387
25937
64759
29997
29071
4168
7786
56605
9601
55593
81567
5514
283234
9517
1159
55120
51312
5338
11231
1362
10196
57176
91624
10939
51024
124808
8519
54929
342897
22863
23266
92610
25930
149371
64359
113174
22872
57410
5243
7089
58491
80818
8634
6433
169714
26275
51070
8776
8562
30968
6834
183
10641
79902
7064
4129
23053
93611
10280
53938
4967
9079
11212
55840
79648
6277
2241
124995
163183
6236
23304
54677
1537
11319
51077
7077
55680
5018
5184
9516
79725
9896
169841
51339
51304
2281
6892
51021
7784
340156
9333
51096
6651
79744
7298
8870
10043
51566
57213
4487
7727
23509
60686
54845
51478
8871
51808
353
7873
4676
56926
150771
9687
10609
60626
653784
50650
10602
7006
27445
3675
5806
56927
9267
55425
4857
29952
537
6827
55703
3712
3226
55870
5636
255426
114769
1787
122773
23357
90268
51364
81848
89941
23780
27347
11162
2909
51735
84881
81570
5923
200014
57496
54802
151987
84079
2639
79752
83468
9721
57035
23654
27236
25824
22864
79414
51530
54878
8321
5130
57649
23646
57620
57480
51363
54059
1456
57794
54584
119504
23335
80153
51657
9370
54468
80023
55139
22846
29115
7593
51
462
8802
57463
80308
79591
8644
10307
55198
657
116461
256281
23414
6637
91442
10005
7403
130026
2982
113251
54583
51257
79796
79137
23596
10311
79798
54799
6376
38
9655
25804
2131
56204
6647
9091
100289678
160428
23505
55432
6470
1743
26024
124454
146439
10531
5589
22798
253980
22902
5783
9124
58189
342926
2752
8404
114785
23516
55766
51134
93100
2739
5507
200030
84674
414919
80727
55006
7716
949
6876
2651
23479
23456
154807
27443
129563
80824
26017
9130
7984
22928
9465
404734
63892
51076
23603
159
11054
55103
25904
54822
56917
90
284996
56913
2157
10464
219771
128710
9127
2117
84946
51101
81788
5606
7162
80207
29803
4938
29940
3033
2149
9943
255488
3350
22894
85235
3149
200933
64412
10350
79622
201562
7752
55975
10000
8574
22795
5476
4758
6120
51569
26225
146956
130916
3632
9121
56980
64097
84273
8744
2799
399664
56941
80311
54497
2584
6902
222008
80228
57556
55111
23597
9950
1003
338657
221061
92815
692312
4976
404093
3142
1634
55160
6263
64073
55135
284040
1687
27430
4049
658
79133
81576
7166
29959
54101
51271
91272
22884
6909
79863
169792
283385
140688
256586
10533
284323
55184
54875
8729
80895
55125
139818
7923
5150
357
2030
8859
9445
23378
6307
197335
54901
5613
25813
4538
84858
26290
7675
50999
26036
10092
5203
5538
80142
8459
2043
579
4043
11014
92092
9547
22889
23683
29965
5607
10584
51014
4253
51596
53616
5264
80019
91419
126074
5890
23474
6689
126299
27175
27071
5326
128239
5348
2053
81786
27241
4059
55228
10110
2936
79228
374882
4750
51164
8027
284611
28960
6769
51227
3798
10961
11194
116447
54930
3217
84614
64429
51406
84256
23587
501
54894
64321
84547
342945
283578
79073
284273
51379
3978
57224
92344
63915
11328
59277
84859
8379
2686
3898
80127
9679
134266
56478
2632
84236
9989
100287171
56674
220042
145173
157378
4969
63894
5724
10327
10632
3034
23564
54680
9766
127703
2948
80173
220213
55234
9683
201255
55250
7098
116028
55970
3552
23588
9538
91750
29781
10455
79674
23189
8502
8345
84100
1622
93649
54994
57614
51531
192666
25927
115560
10113
5289
7574
57128
57568
8425
51571
10283
81627
57704
1464
51534
349667
84224
259173
84259
102724488
3454
57688
114991
387882
11169
51322
83591
55201
64376
64399
114294
2005
80004
84942
79086
10787
5256
11188
29
8775
23256
755
7043
4920
101060376
490
27143
3925
5358
7296
3094
79726
10063
254359
9985
8688
9488
50487
57147
11222
10905
23029
51526
2548
5364
2645
22821
1155
79096
57659
950
1632
90594
25821
54816
7544
79165
83719
780
7461
80128
84896
23215
1489
7702
55337
54106
401505
197322
81550
9860
1901
3352
905
51157
57554
9353
7775
140730
285203
388403
2983
5074
93624
4713
114990
25909
81873
10855
163859
91543
5194
8427
3727
11238
56938
79832
78995
10775
8341
1371
37
2029
1730
283989
28957
206358
10476
4744
23052
79089
1603
80381
10479
79066
55280
10732
56925
286077
30820
3751
348174
2150
987
220074
3664
9585
148423
654364
54874
23288
286336
56241
3071
8330
2820
4077
112849
25917
26589
6553
2940
253635
5333
55501
2705
9028
22929
6096
28984
84668
79637
84281
162963
3174
9847
171017
1185
57447
5106
51501
6484
55454
55334
84899
79188
200576
55761
90338
125988
144233
5098
22882
843
10157
5937
60625
23221
10199
10435
1269
23671
2582
23704
80012
6833
56851
84364
55876
80021
118426
100132406
63916
399909
55081
57670
9509
136306
2232
168544
51246
55777
471
219743
441150
50862
55917
22859
64901
646817
10440
10903
1515
26472
5797
10478
63977
57161
51108
165055
2553
348110
57462
6988
146909
84294
5213
7592
56267
8867
4916
4908
55608
9746
3576
127495
3779
3778
10244
54862
64975
8854
89781
3257
79095
56063
26586
2939
23108
51646
79868
1163
54936
115024
11276
23658
6697
7174
1174
55739
23262
134510
81034
1949
64854
4033
83440
55333
26012
23568
51244
137492
8303
7767
977
9744
255027
3704
9120
23059
152007
4041
50964
11232
6168
81558
5875
114987
81554
51031
11132
26054
10552
113201
333926
221895
11017
55117
147040
126326
140469
5464
285590
83448
84293
5189
55825
55665
64779
594
56987
54883
55017
9578
10367
152137
60313
64927
90416
7760
7712
84335
7692
5791
93129
23548
80332
79363
27152
387680
64897
83758
56954
9703
221785
617
148266
79949
9050
8527
114757
51728
10507
79587
286256
55088
26093
55808
2774
8893
51330
64798
81490
54948
5179
7351
54969
4200
27032
253725
1998
4939
252983
83939
27090
57683
10290
8882
28971
51309
414236
221935
10100
651746
11152
9677
239
80896
7884
6448
8120
23408
160857
6302
4017
81553
53358
151188
1429
27000
79034
148327
5121
27020
345778
4201
113026
84301
55055
23011
255758
100885850
10007
3714
196527
58486
79879
653583
91522
6328
63939
53373
3759
7857
10560
114327
8331
54928
57455
529
50649
92400
124402
966
22999
80312
23616
225
11041
6574
10208
29985
7844
51454
9605
112574
6751
26578
79719
51752
25766
7542
79042
57180
64839
80018
57701
5504
3916
221357
9735
339479
9423
4756
7625
147007
5277
55051
6905
1945
284325
27245
9842
29998
8623
84061
221443
207063
55239
2734
79087
23072
10548
60496
3077
55196
10447
11230
23170
134359
51310
90580
10988
84067
126393
2262
54704
57050
10622
51001
2139
79070
79658
10827
83648
51106
548596
4781
54749
29090
9758
6041
5593
90990
3460
58485
92935
286133
56935
7620
29934
54826
23187
65244
78987
440093
64766
26099
55322
63901
55175
11261
5715
125170
10420
55251
6414
26577
25853
23589
8348
56889
5775
8086
6610
1953
56951
64224
64760
57407
255967
115704
55848
344787
887
51727
392490
10361
252884
123263
90187
8677
79901
124930
8556
11153
55924
7363
26122
54681
6487
55732
55667
79644
55270
54890
285172
8495
28955
57211
84684
9903
9973
201134
8808
55205
2987
9462
79831
120114
221545
55858
593
7110
152926
126070
85395
271
80216
6425
93986
63929
4649
8034
2941
27156
84302
54541
90809
9765
64207
79153
833
84465
84720
54856
8633
7570
144404
100506144
51248
7813
132884
121260
5818
79624
1983
29984
51135
4009
4881
5328
26469
55112
79759
129450
51131
51163
6339
79074
257364
7763
387856
114826
126382
55214
51274
6586
5817
55621
150274
10983
64710
7357
27293
2827
4481
4363
57573
347735
2638
83937
64061
23399
2018
55084
113455421
51622
197320
401647
83549
54790
493856
79794
654
154791
84919
7011
706
55345
240
54495
220972
25984
3700
26048
8637
79019
375757
51172
9654
84189
129804
29094
1719
55105
64418
23576
55907
1889
199746
148103
2121
55326
339501
55319
91408
7348
94121
1635
143279
353274
51119
8635
221302
115294
4696
392
57099
93210
1002
23545
348235
50808
25880
114882
6533
26037
2627
7922
9905
121227
5754
27154
162394
147991
5193
5592
79641
51226
55727
23333
57446
65061
55629
92558
91687
121268
64114
3938
2178
7380
3563
23527
84251
340348
219285
4160
387923
56952
26579
55604
9552
22865
8818
10810
9581
54796
6093
54210
157313
8434
57700
7035
90362
9540
3614
79918
8559
65243
26010
57553
4668
6100
4123
26137
6319
3489
285761
55573
51027
10380
51059
56262
101
9170
55255
1009
10083
64072
402
286451
4048
3363
84159
1268
8839
64241
10555
1609
4708
55544
157
90799
7543
79993
5174
79892
93134
113263
152503
51042
1723
29925
51209
10780
6397
79896
57523
645
92259
83852
120534
8369
79825
8974
83546
57560
55656
9922
145864
931
10974
729515
171425
55846
146059
54809
221322
8395
81888
55031
54839
26998
10913
135398
9296
3431
255252
2287
9653
55296
64407
114897
57613
214
283212
10391
84233
25979
4257
25996
30815
196264
143162
80775
84276
23398
388650
8934
29087
11066
2016
57458
65251
10269
50640
64857
283870
1522
6863
25759
57664
51175
8019
55966
23598
29099
55748
27031
127343
342667
10370
4752
2794
22903
5253
79078
163882
143
63935
9563
55591
25983
255394
10129
23361
8879
6549
493
127255
1604
5654
91147
54466
196385
9123
10804
1819
51389
50632
6171
201626
440087
284697
116987
57590
98
2277
220323
7639
10026
84986
166785
78992
55614
81610
81671
25888
84340
54997
158471
54989
55062
51174
64430
84065
22921
1131
11142
50814
222068
79582
10402
649
8659
92283
55435
112970
125058
2729
10201
3213
341640
64743
92370
51142
135112
51477
57125
1350
139324
105372824
2004
29886
133686
3899
81577
29070
320
9881
155368
1138
51125
64118
84680
286046
587
790955
54328
60682
5596
2572
282679
10811
2702
10948
8646
10081
29058
84542
85443
60681
84520
83699
7100
54545
2041
6668
57045
1353
10424
26205
55568
57657
151473
79048
90987
23240
91942
197407
55320
23341
414918
84968
6536
27253
5858
4285
10302
122961
2110
26470
79083
29100
55959
6560
7621
9468
54974
408050
5947
83849
51218
23102
23507
89958
114784
55034
167826
9895
10217
203522
29880
30850
84836
79954
81605
55504
3574
23203
54555
84337
149420
28972
55711
51239
133619
8970
6388
51804
84933
387921
91782
23660
146227
10493
8675
83596
55049
10023
148479
89122
56649
285636
162972
339122
9712
440138
54934
55974
8140
57186
57001
152098
2537
54961
79651
23275
84898
79174
124401
1545
9988
23149
3755
4330
9630
80183
51230
152273
4982
8642
56978
80199
23731
1106
2971
10659
387640
27440
91612
79673
7748
253639
57569
23761
10630
165530
9797
25976
149076
84641
85406
222166
729991
9830
6939
55101
375775
147657
130940
57586
130951
144406
255022
113178
85444
57167
7694
57336
79098
196383
113802
57721
7485
221960
89790
2491
10591
54970
84274
51117
25901
8714
29118
6422
25819
8482
55312
23366
200539
11163
130872
5924
54467
55769
90317
130399
10144
166929
8745
54093
956
27158
91894
4357
83475
54982
22852
391356
221477
2902
121355
56890
54943
5570
124044
8483
23500
2592
4440
91433
56999
64131
84874
53343
90204
216
84133
3338
81566
2838
84795
219402
55773
8013
56849
5993
54808
25893
84885
25874
100527964
59338
2819
23708
57478
64327
79064
7477
403341
3151
55601
25912
343472
27165
11343
51088
165
57493
51659
3695
55973
3633
23432
199920
114800
3145
7504
84890
340706
549
10428
64221
122704
1293
84911
1365
22853
259230
55144
167465
84934
346171
284434
11264
252839
1745
51115
51409
163486
57157
8690
199777
5583
2487
113444
885
22834
127700
80243
10335
56994
9258
91653
56521
257218
590
23678
57711
84803
431705
84912
79841
4968
100101467
2817
102157402
57497
26112
8334
154007
29799
114902
10553
8821
404281
2822
51805
100532736
63924
7743
374946
79827
148741
181
6903
115584
64427
388536
84267
7122
730
29901
8846
80352
284992
80162
53832
10384
7634
54834
55002
128338
79415
54510
4694
1292
26585
53831
55902
23233
10139
9731
79690
1644
2878
158399
9398
10194
83943
80129
79135
112817
23259
9535
2741
51058
129138
79675
53942
94122
57231
64288
55224
5078
160335
137964
6725
28974
10203
168002
399726
342184
23151
23254
441478
258010
148523
3775
10581
29990
148137
152485
117608
3354
79192
388753
7637
90019
116843
1657
400818
54798
23096
150468
83447
9249
9507
9583
58157
126231
121642
9771
84153
1795
337963
2675
9728
55332
79629
136853
8989
128553
5136
9489
90203
11070
7976
140609
140606
6752
51155
81493
131408
57452
283927
51005
3422
157567
286205
7738
747
10867
80231
51114
169693
5734
8605
126208
94030
1389
149233
9941
26022
283871
128240
60559
1318
140733
80070
22881
55751
84936
254048
89782
112611
92211
51291
7940
94059
55206
94120
8840
79982
7769
80209
79800
58488
388962
114
10660
10076
254251
113791
25878
123036
60481
375444
9812
112483
2619
400566
84553
83716
3375
340543
23767
317662
90736
155038
55776
1139
339318
7436
90871
84696
55830
51360
55691
51167
51710
119032
85453
113612
3141
6482
23232
105374836
54674
64077
84064
22904
374969
54986
149013
54558
4293
619279
55760
54920
150709
51206
5269
55843
10154
127253
56676
285237
84288
35
80345
51022
91074
374928
9034
11122
53834
129049
27166
84272
57102
346157
7633
389203
113763
56163
10371
1486
474344
401548
84187
135154
345757
6608
90113
130340
253650
613037
132949
6580
27314
158135
284207
7008
10400
124975
