5594
5175
4116
3187
4864
340061
1063
6840
2908
6421
708
55832
253635
6472
3459
58480
309
23327
83987
7128
3665
55847
6059
5684
10946
8604
23380
8841
10009
8452
81631
3857
5460
1628
3428
79833
79008
134957
415117
11335
5591
90025
51072
8723
58533
23468
3921
10765
8535
7756
6138
1434
7157
4851
51434
5881
10519
6648
382
56262
1880
54165
51649
6950
10971
9782
27185
10127
79666
4914
51608
5931
5252
1207
84967
3832
6228
26064
80179
10273
9531
5894
3265
23633
4171
85440
7415
4130
7448
3685
1869
8202
9601
3106
58517
8353
11133
55140
80279
3728
6201
6780
10527
7083
9757
81608
3981
63898
5500
3577
983
8539
3064
26468
84304
332
5501
6748
5108
10112
11331
996
7531
5208
23028
8676
121441
203068
54815
8350
5905
10482
3964
961
6386
54458
55133
6119
1387
26039
351
148523
8669
8667
51619
55611
39
4163
114548
1027
10628
723788
3615
1213
1454
1080
813
11269
196383
284004
26580
8409
26517
1678
4214
6137
5976
1938
27316
50618
10013
84955
29775
132320
7266
10298
7529
64422
79155
8517
161436
3178
22827
10188
7704
5682
11047
9759
23411
5518
29966
6872
2353
55930
7111
57120
5970
4034
10910
55003
9045
1026
10399
54534
6182
4092
93
9099
3949
5869
2664
10075
1642
3796
23363
4208
7534
10097
1212
54972
3309
10681
3316
6418
84248
29889
10146
1385
6721
2521
3190
22938
545
79797
138046
51018
6813
55215
8454
10342
4793
81930
3320
1408
3276
7068
85477
1021
1031
4174
10492
51043
6667
81565
137209
7249
1612
5980
6500
23512
5360
200895
10483
6850
1478
6102
54014
8899
6628
6901
374378
7283
10694
867
3575
6155
6134
8189
56916
11078
54785
5925
4904
48
4597
1488
3146
22879
64601
9774
51535
54464
22948
55355
8360
10594
5930
8738
55367
3014
7321
7186
28996
4204
23318
79901
1627
672
1025
8440
8312
79132
3692
23178
164
55075
91151
84081
4641
51133
90507
6050
26060
1164
890
1655
207
4709
55967
4701
8837
23451
1017
2317
9274
11171
7514
2176
201254
22861
838
10128
140458
3181
10528
8342
57062
5598
3329
6733
147339
2335
10949
127829
7388
23400
4886
27336
51428
5595
8751
7329
3725
9202
6613
55183
133619
51143
55148
8354
677
94056
24140
4673
3171
7088
4436
28990
51026
8036
22808
661
10623
10980
8148
3895
93380
7410
8651
2775
29079
11140
282974
57409
5468
9657
10477
80304
53944
8493
8161
51700
9820
2108
51530
245973
1994
4774
55294
9477
23170
51547
9678
84105
27067
8575
7316
1173
6626
51637
3065
57621
7965
54069
988
10078
7372
11338
51616
6884
6001
664
22907
3608
2806
6788
3336
3091
4609
55771
26986
4738
8498
682
7525
54891
10856
4790
1999
6640
57692
7094
3184
6045
509
29127
23166
23062
94081
55623
54517
10763
2314
55717
23710
79018
2668
2091
54865
65991
4763
10868
5718
4293
24148
5071
331
9131
6875
2957
129831
4298
79577
8453
5430
26270
7311
11043
147687
2932
23678
1856
64151
92714
2033
1859
722
9919
79009
6895
4093
4089
904
5371
112939
60492
11345
3032
10263
1937
5599
24137
9055
6606
6818
10951
84787
1203
10423
23435
6147
10161
9735
1717
26046
83933
9612
10048
4233
51602
23552
6794
9694
337867
5700
9097
10714
1108
1729
7411
163786
9338
22897
146057
10197
23181
10036
7532
572
6281
54433
54509
94239
5433
9646
9818
129401
2146
5469
4832
6199
4522
6789
158
55154
79888
8971
6711
324
26155
55027
373156
10890
10114
7341
51340
55837
51741
9474
23466
8356
6428
3437
30
441150
3799
27352
5879
2909
23165
3611
80306
10250
1650
8668
2296
6299
55749
84759
701
10393
83759
5936
5329
4669
6599
56829
5597
23421
81622
25844
79036
55813
56950
5128
10049
2130
54908
161582
55507
11311
10055
57562
2804
81
9564
2288
6271
162461
23399
26009
112869
7325
6175
5494
9275
6760
51222
25925
93643
23469
6829
79882
3837
64130
8573
5954
399687
55193
5685
79814
64795
5725
5411
3875
3958
6130
85403
79101
54148
84311
23641
9530
4776
23175
369
3326
6185
9589
64210
102
51773
100288695
10061
213
344
25920
51606
85451
2969
51564
60493
92906
203523
2885
1639
3313
645455
27125
4297
84557
6187
408
8726
55131
25885
5202
22983
10556
7515
51776
55704
5139
841
10210
57332
121504
54751
8355
5320
90410
26146
6117
2189
26043
5708
7528
7979
10664
8243
113130
10014
2746
27248
7327
287
79618
997
22809
8363
8968
57504
5828
10733
1107
57510
23612
5714
10015
10772
28988
55785
22889
23390
160851
55605
1977
10989
4301
55366
4691
23076
4791
4792
4288
57147
79701
10082
468
10970
116449
5510
1789
5833
11120
1399
665
6296
10919
801
1159
5290
2776
51527
5824
1915
26747
2820
23386
57565
10474
54093
23549
9882
112950
7314
1778
51652
27183
2023
22992
27043
330
56616
8924
8891
5025
10043
4869
55153
51067
26995
5424
4591
5585
10411
5903
56243
3281
285753
154313
79017
7257
7175
546
7112
55761
27163
23189
5499
6118
253943
9984
4216
7391
10621
7917
51193
10382
29110
81539
11261
57082
79003
2002
9314
57584
5711
5395
5933
23382
29068
6775
117157
2597
80311
55755
25
9532
23235
57122
8480
6657
23020
9636
5859
7030
5707
7284
55168
57693
286827
2742
5311
83903
90293
26258
55093
6015
4173
5001
7301
107986084
9128
51729
84816
158405
4191
2272
9902
9821
9776
10916
3315
7381
54840
8815
8766
54536
23524
6449
10952
79869
79571
65125
998
7156
10540
6202
79657
11321
9611
6709
1912
1398
26512
81556
6385
5209
9113
6634
124936
84197
4172
5000
55170
10809
8367
10131
90362
892
6605
6604
10458
2077
5663
54103
200186
7844
84268
6156
79596
170082
3312
645121
113878
54149
1739
2977
10241
7916
2782
54331
3956
6607
26354
11119
11118
648
3172
5688
8664
84445
2065
7343
26168
55069
22832
9031
10155
9869
56257
9092
1114
27237
93487
5511
2634
3159
90957
5520
8878
4599
8266
506
56674
136647
83461
10106
26036
80772
595
27161
23242
7431
4836
9975
126526
80145
4751
23185
7170
1147
8761
908
55844
6633
3631
4086
64326
122769
1656
653121
10460
84282
8065
1503
3996
387
8939
10419
4940
6622
3308
3720
7203
51343
9656
84464
2010
11180
5873
154
54540
9444
22913
143458
5116
51780
51422
84292
1272
4162
26121
6747
114818
6233
50512
2079
4927
55308
5564
55178
4798
51603
355
114609
23345
4627
11346
7023
4193
8540
55054
10376
643382
65065
8216
643641
1822
9253
6401
5335
9688
6868
65265
79174
317
3188
26156
7454
472
54953
10134
128239
328
84838
26511
1039
23484
54896
830
25906
8560
9669
54557
9730
25843
85369
8850
117143
8352
57636
4281
5713
142
6637
55610
27333
7706
55110
5522
6949
6741
267
3310
5049
9342
3480
10111
23543
6311
26127
112464
5136
5515
57599
11221
5337
274
112858
580
11130
58472
6144
5521
2800
9044
6164
5702
9219
84612
2801
2778
554
5036
5339
9987
11059
6498
3030
6235
7384
2887
57520
4067
6217
9793
26015
5717
51141
5681
84708
11007
162989
5887
26053
10432
11328
27242
554313
51720
4005
118980
10172
79035
58493
10987
11009
11200
5317
51377
64146
10397
25782
10313
8562
92106
54535
23636
2888
1613
6938
124790
7376
6257
23239
23513
128866
226
550
11236
23043
5830
8528
6671
4899
55722
6427
55888
7297
65057
126364
8543
6925
284695
9410
8361
6195
64174
10897
11066
29945
8697
29920
55173
101928160
54550
84140
9875
6655
10768
310
10059
29106
54187
5593
10956
7184
3614
51053
10808
481
22976
2534
8877
5287
6224
5584
8470
51406
22985
9777
22908
4702
818
8450
6157
5978
6601
4292
1192
8737
151194
6446
10525
9938
54407
5782
10051
57727
64431
10480
64983
50848
11143
54872
10325
64121
23031
10575
8289
286262
2316
10915
9931
11176
84859
93474
53981
89941
27068
55640
154796
4773
91442
199990
55968
11124
10277
84993
6208
8683
10236
9371
10204
7913
3185
1855
1602
5467
6772
8662
10010
3838
8614
55658
56254
8678
529
474343
79693
55719
10133
3219
51499
25939
84726
8665
4670
1499
8366
26152
23412
2222
23270
5983
2274
3399
7286
9910
2769
27101
56893
6692
8467
81620
4221
9958
10592
57695
51665
6742
57587
667
81027
3024
1058
9801
4734
3096
372
8291
55660
10346
10467
2886
8428
7248
5747
5987
1051
60412
2961
6598
79680
100529063
55602
10724
445
57171
6198
4686
50807
143187
9482
993
55726
865
56945
1407
7533
22919
5498
64375
25793
7010
56852
5691
8607
9218
9527
7178
4637
81792
7323
81847
7307
9618
57129
55052
3082
960
285600
4134
6132
6168
10538
63875
26994
7153
47
1759
9685
7126
55681
7466
5686
5435
23064
6774
79654
55664
50855
5607
3006
162427
7920
81889
55526
22981
8139
84309
79682
5878
9847
10598
178
9513
5928
55957
8565
6715
5566
23387
5245
84959
7414
5692
7037
79072
4255
27330
11161
7429
5495
8335
817
168002
3622
25862
55149
4771
1736
92345
54434
9411
22954
9413
49854
23013
5771
153733
541468
55709
3066
5573
84978
868
26003
3192
23365
8777
59339
6647
7322
31
1270
8294
3957
54821
79786
63891
28964
9001
60528
9141
55109
51150
6787
1154
4087
11060
4817
107987457
126375
9698
55850
8417
55971
5565
2058
9140
84285
11215
8774
9129
79443
3717
23557
9737
6908
1653
10567
10524
65992
7726
64979
57596
9146
55364
6122
9775
6129
55011
728642
9212
60
196
9049
220134
5586
85464
112574
55689
9877
6696
8975
25839
821
64343
142678
8786
22870
9181
113115
23588
5906
55698
54625
80174
5728
27252
51592
5862
2319
6310
4016
79803
23383
65003
79784
64771
3205
11168
144699
79902
23173
284217
3673
23283
5716
9967
23499
27436
8508
4141
23272
7009
29956
8301
27327
24144
83695
8907
2120
5217
10625
10486
3992
5745
25953
23355
57103
10929
10668
55754
11339
8945
9406
83737
23559
10580
96764
2931
4137
466
79968
6218
3216
1198
6595
3609
54934
3607
1543
7189
57092
23476
2060
51035
641
64682
5932
2186
1432
3005
28999
8290
6879
10549
54935
81929
6396
5829
1540
10875
9584
84823
30849
10278
10174
9235
713
6197
10454
26164
23405
79913
7416
23307
552900
5093
55339
51009
84447
79948
6139
5129
4175
6464
3643
2875
134430
3068
10276
8351
55603
51684
27148
79139
4800
1386
9265
2935
56259
26024
4296
5783
26993
256691
4047
25814
25898
283985
23521
138716
5347
150684
10551
29117
7360
64087
57521
8663
25792
23371
10395
6502
192683
221092
8826
27131
23184
84893
51647
57002
4678
23409
8368
79890
5868
1716
4684
8650
6434
51295
23112
25788
51585
10179
22916
55246
83543
11035
5984
599
196463
201895
51100
56904
93594
5590
5704
7185
1948
25894
2617
3593
10018
65988
4854
79446
7011
5877
64960
2730
7390
5286
54039
26128
5478
54778
115548
11198
23764
81926
51160
84164
1936
5193
5192
5888
54904
2287
80135
79159
2564
9236
2118
9867
58525
89849
3198
4188
113523636
81550
84191
79977
8106
64754
84284
2011
65018
80020
55872
11154
51176
54819
79759
705
285315
7324
2869
9961
51003
5436
89953
253260
301
23054
5357
85409
10574
6389
64855
57473
8661
51320
2185
9070
127294
9643
7541
1129
51691
29926
8314
7031
55626
3337
7846
90850
2307
93436
55081
25886
523
2040
4144
211
441518
654346
5971
5966
4843
5092
10363
51474
27107
84365
153527
55165
160
23234
10617
29082
375
6801
29015
10284
5366
7345
27351
10529
9217
6867
117177
220108
10576
1514
1515
23517
1196
23326
27044
57187
6809
7159
3929
2495
4000
91107
5163
2078
9188
2720
55916
79768
25777
1654
7082
6229
8365
79876
1643
6836
79001
8570
23404
7133
6576
4135
6096
9463
26278
23198
4282
9817
10142
9733
6135
4306
834
8835
7067
5451
3910
10328
9457
100534012
124997
55892
7874
9946
51594
171024
79959
27240
7132
4646
29781
23314
8110
6124
57619
55275
4780
5604
22807
91694
57646
50649
51447
3920
25945
444
10935
8649
23001
3133
118
1460
1777
79961
55831
29978
57459
6566
9915
4131
8934
222389
3383
6125
5198
406
9575
26259
4628
158584
6209
3028
56993
3301
9972
58500
7169
7019
55026
338692
379
8677
5885
9588
2580
5393
4176
81704
196441
25942
121536
5871
2547
8567
6830
10413
10287
10024
54971
55048
55824
6764
1982
55898
8471
1508
10038
6827
26100
8370
55596
23135
51010
5105
200558
64748
10988
9111
51444
4736
10116
89853
54739
4671
5216
6732
140890
10963
326
9841
2625
11020
2517
2665
60509
54438
8439
5719
5687
5886
2305
6285
2309
3621
238
114793
60489
11001
5300
53371
56288
25836
8930
114971
125115
6999
51588
196074
10542
23143
10476
127002
10845
1388
7057
1280
5516
23144
51191
222166
10552
10129
991
56256
162239
10985
4739
9709
3908
7014
526
55905
84851
2071
1428
5062
201595
25873
55810
57533
219541
7538
10253
6627
9879
10153
6258
203
57215
6249
3169
5204
22980
2354
10755
6189
79096
26240
63027
9750
23287
8497
6804
10994
3434
1468
3654
51070
89874
10422
221120
57698
2104
9318
4513
3581
5140
9785
10523
27037
10912
637
10318
54892
27072
55014
25901
5801
8404
55177
2799
51719
1072
167691
149628
80781
8337
54477
23229
9401
6929
5230
55127
282809
2260
6461
999
347733
51375
282991
196403
23162
6602
51162
27229
3303
6161
9810
3148
2934
51061
8536
57118
221895
7090
2034
28231
7517
7984
79663
311
55040
8717
1453
79839
3008
55646
28958
10000
1431
55578
79065
5437
9627
84707
7681
6632
7049
9445
55870
10933
1152
8763
8675
10791
170959
23438
79922
23266
50944
90933
90273
57498
4676
8091
10618
57189
2355
29104
55703
23741
9743
53358
51073
2744
5581
60312
490
10140
10640
163126
4733
8887
6919
729852
3839
54881
58477
373509
57673
9521
286053
5705
56886
128308
4728
4724
8362
10813
22820
7468
8805
51184
51082
54206
8893
10254
84456
55290
23039
1410
6597
3726
10159
55102
4291
92736
728635
5549
5955
10426
5096
8175
220988
7332
55144
54512
79751
8379
65005
8087
1659
147841
22899
51366
56652
7168
8775
222484
57449
373
6615
2294
9147
92521
7709
1788
7260
7039
54443
989
55324
51421
50813
1964
2671
54858
8797
8795
498
192111
100874074
246330
8208
2237
8445
8237
3636
11315
2821
55625
9425
3672
79947
116150
23647
7167
9700
4794
51614
25880
25828
5611
80198
23255
10170
80727
90459
7884
55668
9798
10539
85015
6294
9349
55871
51105
3275
6256
54939
54951
51013
23511
346157
4302
22994
1314
112724
3419
5052
170506
161742
23295
10615
284058
333929
4889
51255
51378
4236
4926
27349
642
51545
84060
26298
2487
54532
65990
5536
2768
5201
51744
84270
7041
64770
2107
283349
23584
57650
79866
5876
84858
5934
51194
7507
203286
58497
4830
64927
58487
596
8660
11113
11073
124540
3554
27238
64837
79088
8681
85363
51574
9918
55197
10973
50937
51264
88
54984
23334
8936
84062
10787
396
6152
3735
23603
112268148
56648
9343
221937
9451
65056
10445
143884
64333
55379
10943
79718
5562
50804
64841
56897
29761
1828
1911
9328
112495
2771
105369632
7265
55662
5546
38
55120
7247
5710
3093
6048
56931
84866
10928
29844
64969
23091
23186
871
57154
5690
147872
5683
64145
581
115426
80321
25959
9667
55421
126961
6477
857
2042
805
29115
8648
1525
5292
27115
200081
115509
90864
8099
8576
1312
28981
80817
155465
6204
26118
397
51324
91647
7251
90678
51552
79656
3954
10620
790
23492
3398
55012
8491
5420
2067
83878
57466
55705
8078
10969
26122
9169
375056
55311
86
8295
135228
3965
124801
5178
9372
23410
65008
219927
3009
84261
10213
23560
9416
8504
55670
81844
259266
80764
5884
51692
23288
55697
6390
127733
254427
51548
120071
11041
862
22834
25956
6303
7001
7317
1182
55274
25825
2784
9628
8563
7818
6293
4313
1000
54998
7164
4893
10490
2770
50809
4528
64963
11284
83858
5689
8894
84186
10094
5432
57117
84134
4905
5795
8764
3742
3699
283431
57534
2289
51435
1785
4659
8674
10228
85437
9149
8892
8794
23558
6653
284654
9911
57761
10138
63035
23085
3551
93627
2197
54765
5090
9935
8402
57787
55732
55667
139716
10098
205428
2959
27095
122553
7589
84307
8760
1201
55742
115908
57798
5693
11065
23335
23312
81858
84516
81611
55118
358
9948
57488
84790
5603
7205
9883
91252
94120
53826
55142
6904
25895
51561
9908
273
6453
55300
10534
64853
10412
9391
55966
4695
2872
10658
10109
8861
79871
92421
71
5195
5915
65993
54888
63932
65080
5297
8031
115752
26058
91445
85021
96626
23649
9706
65059
55699
8688
2962
55691
7268
11179
5579
5439
9610
10614
57639
57506
80700
79058
57465
54919
118881
1874
1727
6885
3661
2923
10466
91949
23770
9861
23204
10058
3191
5528
5531
5064
57228
10336
6425
1786
8500
23271
55062
55636
3183
2926
25936
6786
10498
5610
2737
7270
6426
1487
51676
5361
2017
79637
644
160418
133121
134285
11194
91039
651
55768
2898
6429
79598
22798
253980
8405
55114
3856
23164
79980
3251
7263
23367
54996
11051
90993
221
23780
574406
114815
6272
10487
191
5226
10673
153642
55715
10207
9076
6812
118924
6432
84733
9256
22881
55201
302
6018
6016
57169
5336
7417
29078
51079
54931
8481
79664
79084
8932
9112
5563
29979
140738
23034
115353
6227
85439
80346
8318
538
7430
6383
2824
55172
55299
3880
56478
2081
411
55061
57192
84141
5727
65250
55216
7398
810
9101
64854
10671
2948
4779
91057
11159
9734
8021
51507
55506
5861
8553
10130
23673
6616
6047
9781
10902
5519
8165
286128
9469
23136
79924
6240
327
27087
3108
22974
10735
84131
1974
6624
29763
11196
23244
22998
6730
84132
11264
116254
4245
54936
3939
1278
27246
55819
84572
740
9702
64420
5796
23005
6881
8125
8359
9373
3840
222255
9040
6210
11224
6737
22837
5530
1827
8742
4744
60491
79780
59277
10248
9929
427
65264
5315
4008
1738
6777
10381
80143
124751
23787
4209
64761
90480
84861
1810
144108
7936
2736
125950
79886
202559
284403
4300
84661
80342
55521
10084
3716
83752
29997
4205
23281
51605
3927
815
2539
94134
55066
79607
7114
7409
5295
222584
7450
3993
6749
3020
80149
3156
79724
157310
54955
57634
6193
81603
8502
84656
1665
5578
90627
6192
10189
2066
221188
4693
79791
221927
84231
9246
7841
9555
51512
150368
7798
4643
23586
63943
54606
5268
387680
221613
515
896
64802
157769
9581
57038
4735
10844
51027
81789
79091
54918
126626
54927
23582
3092
5481
5576
3892
4154
56006
3297
65975
135293
80013
22828
134492
9150
10001
26586
910
100506658
6723
79016
8666
51503
55293
64418
64783
55327
221749
1973
84262
84458
339448
4952
54106
10616
1455
23344
90826
7158
8881
9354
117178
89890
9361
3659
10957
60488
28977
221037
200845
471
54623
3161
7046
10293
22888
7579
222696
55693
84908
50628
275
54797
55090
1045
7485
83605
201134
55116
3597
5218
6722
84305
9441
8178
8315
126402
2
125488
1059
9464
65095
83855
6230
10600
8340
26751
79720
1345
6497
80705
85302
23111
257397
51663
7572
9747
54820
7903
5538
5162
79728
134218
6194
5965
8241
7551
132660
7272
10579
2323
7520
3021
26353
64951
488
55740
322
900
2273
5094
1457
57159
79020
4287
84247
22890
9786
5111
10712
2109
51257
6927
808
3712
10645
5832
27159
84343
1355
29957
9337
51631
7188
8767
4212
8214
23392
9197
55924
23119
3090
81628
5701
4217
26575
125058
55809
91748
11034
26001
6596
83932
57325
51726
57602
57662
10653
8813
23632
27034
657
5321
3396
8317
83548
26508
64839
65986
26190
11177
8085
56121
79877
80854
84549
201292
605
10726
51400
27005
8531
2053
151246
10300
59345
129880
54585
339366
1327
1629
6942
51333
1022
10147
9928
64794
87
64101
7155
81892
57470
8658
84669
10913
57472
23019
7058
5429
51704
27075
57805
2648
5037
826
2783
7629
1104
23644
11186
3397
5442
10383
4706
90624
22848
9738
80185
65094
79616
25831
25809
23759
79670
5099
220965
23532
8533
51253
154810
4192
84259
5709
5580
57546
1020
4636
60561
1829
5034
10434
57519
9412
54828
65082
23352
78995
1211
4683
7518
140685
57532
7586
9518
27339
7337
5153
8204
23329
5814
93649
4602
9526
54414
8828
10456
83734
3563
6095
9644
84364
93974
11193
22918
64425
2191
1762
1952
202051
55245
55268
6431
55763
9467
3304
3655
1271
23529
58509
10379
8487
483
9415
84928
116028
80010
55086
202
117246
84946
4731
219738
163183
1186
51008
9871
5927
84254
29093
10573
9486
23450
753
23268
200916
5338
10489
23155
54870
7165
8623
10629
6612
11104
4722
51765
3073
55559
607
163050
5898
23032
217
58504
80746
5724
8357
1445
9857
3069
65220
29916
3843
10749
6092
79712
3667
5527
10938
55233
91947
6301
27291
7110
5045
55690
9209
9135
55651
6625
56957
4074
26088
2538
155061
51693
4846
5825
1315
51441
1958
4665
5214
7290
80273
3703
27156
6142
9670
1615
51430
81875
5127
26284
5601
55627
8050
93655
2773
5422
10262
4140
9134
6136
9392
7465
51107
55851
774
9945
23063
3512
102723728
4664
8455
22803
6897
902
51510
1666
2956
9652
22950
51807
23158
10730
7109
25791
29948
11201
64708
54386
4801
9166
57617
1660
9126
53615
3959
7277
163
7813
7879
9559
25805
27031
4867
9926
334
10607
2733
29123
5900
3104
23194
26135
613
8976
57661
78992
9025
4222
55589
2629
2150
79641
29842
55738
51715
23265
23491
10972
4601
4149
57606
5621
57020
54520
79038
4723
4535
6878
7919
6416
4077
51661
874
54107
9184
29911
9724
84321
440275
5939
23613
10557
7182
11072
5431
23126
27350
23203
1967
81607
153129
8349
9832
80258
7358
9815
9853
3978
64981
6917
3586
11127
1909
10181
8895
6009
5147
23523
8520
403
3679
23481
23212
5155
25855
11100
5834
4908
56052
891
91801
83590
6877
6128
148223
4331
22984
11183
80254
995
114
8613
405
6817
3798
26086
4038
55022
10627
4750
59348
81669
56935
283229
79944
5655
10923
55229
145389
55666
55365
400793
9077
10421
687
55125
5076
92597
23210
340419
4194
10240
64965
90102
374654
9894
81839
9182
23049
222643
51069
9321
7353
84939
9939
51260
7690
151011
79649
27245
51283
9846
4289
4354
6728
26528
54861
51397
10771
83640
25929
5557
23216
22826
1195
16
84078
5298
7004
29922
10045
5464
196527
114034
7536
51529
56851
10438
25989
11316
56267
54930
115106
79039
225689
8912
2965
10211
22874
1535
57175
5480
2735
23195
113263
54902
65109
5537
5723
60673
51479
81671
8364
6176
84172
51225
64175
10857
29088
79659
84872
83541
638
7163
840
23385
2168
223
28992
9770
3845
55553
9320
23
374383
548593
29899
4356
84941
6400
64928
5917
967
3688
5532
81890
91452
51322
2098
55285
2339
8073
54602
4891
5423
7508
54954
163033
5238
51318
54462
2631
6888
7280
116541
140739
123879
9139
1326
23065
6188
539
3416
29882
8624
5698
111089941
79677
23137
51399
286077
132
8615
81887
221786
155435
3015
9093
2049
1808
8503
8343
26524
4058
6945
57674
5902
10806
148022
3017
10468
1997
6659
8192
725
11258
57085
4704
4729
9351
1069
151050
55929
55361
5608
8915
7334
7737
59269
60485
1965
8653
63978
26002
10678
79991
29099
80762
5160
91833
5867
79874
22920
686
126353
60496
9778
9261
286826
3566
3784
5600
64223
55615
92255
26509
6642
2149
11277
55914
3691
11030
699
323
83856
1495
27036
1954
51633
9175
1663
51386
5883
9863
26051
54793
90
54622
7052
84461
9897
340277
6643
22982
30827
9753
10885
85236
55653
1384
10762
51334
1975
83606
3476
79840
151636
9727
6196
3475
6091
348995
57715
27287
22934
11074
5756
22880
257160
55250
64147
140838
84942
5550
51433
55276
26227
11218
6907
2171
54776
23369
9816
4931
5567
9921
89796
9632
23493
2976
10992
124944
55163
151188
800
5583
339487
2897
832
100505585
26578
79979
1512
4076
64400
9699
6799
79090
55702
4804
9183
3656
9650
9052
1787
3306
83743
9459
387521
8916
51635
59271
3155
78989
9903
55958
9813
84033
5236
57628
823
64098
80755
55174
26173
205327
9968
10657
9557
4361
126075
55750
158067
28998
5694
80301
6183
54737
10238
1500
6820
6783
204
1439
4841
51280
4998
353322
65268
23394
55181
1838
55781
51121
829
23608
143903
7386
64976
5091
54940
5784
103
4486
4350
7095
1933
150864
89910
159195
8220
573
54472
5479
79576
23309
84629
2678
10113
7791
7150
64377
29982
10884
124739
6169
10163
93343
192666
131566
10509
23534
64978
23313
4084
157638
94122
7204
9804
329
9114
2589
51292
2766
81855
5911
9934
7107
7494
943
23384
79734
79753
9658
4048
57461
10270
138151
3836
4714
84263
29108
6654
10589
9686
7289
1102
65989
285440
22862
4807
80014
29907
359948
25797
55734
1155
4430
100506403
29760
9577
4929
6154
120
145173
54995
171568
56342
84303
8773
3431
22794
22843
79171
127703
25924
26610
80349
9478
10390
221935
51596
6522
60626
2068
3550
51495
10054
4698
64282
80150
4594
134266
27250
143
57326
84271
9367
10006
26145
10514
7597
494115
54958
103910
54873
23097
1073
56654
3915
55147
51028
9590
55291
23303
55284
80323
9325
6093
6548
5356
80012
54825
23139
54531
79711
10758
51808
653808
84875
27338
55692
10651
5695
80108
7422
10602
28976
23060
1978
57684
2677
10954
63920
81559
9779
145282
2787
84294
147700
9623
56252
8518
92609
100287932
23274
49856
2896
6314
57530
84233
4211
79567
51388
55035
266812
26057
219654
6430
9784
135892
56906
10165
2140
54507
129685
9021
54733
81873
91526
55128
56922
23464
80224
29937
140606
200894
4862
23046
5715
5631
126789
55728
23190
333932
723790
64848
2672
22878
1969
1942
3984
1044
57134
57418
23592
107987373
128312
25847
55661
6237
84154
10874
8706
5985
473
5706
80212
8906
2145
29970
56667
4145
199692
1397
1193
260425
22900
6206
94121
55607
254170
51341
7678
83892
139341
51001
9739
10914
55503
23142
54708
51024
55840
57551
8874
9252
10226
2697
55256
84869
7923
128710
58157
10073
9061
2356
84142
10040
8446
79137
23322
9158
6143
120224
11160
587
3985
2119
91319
51465
4440
320
1317
64428
64793
56888
51374
4026
1070
2059
147179
131601
11040
27429
134359
26292
2803
57554
4835
2967
10656
6855
63971
55585
51122
100528020
6158
54948
51296
9647
115196
1649
94104
51319
54914
4718
3705
6670
65110
10193
200933
20
84079
9616
150771
10603
28987
51747
6455
55920
152877
387263
23396
55432
9701
9666
5087
1523
51755
22885
93323
467
4097
56683
54764
51268
6510
55037
27335
11342
6776
8986
582
535
3482
83719
11052
112840
9306
7385
4661
8239
3790
145508
222546
261726
55863
11276
23157
1836
3455
5523
990
6499
51116
57706
84752
23350
8233
83871
51195
54467
5781
145553
9213
4582
10728
56998
10019
4521
8347
9107
9790
84811
79705
26094
5981
54973
55612
64778
2954
54855
51290
2308
79173
9540
2046
55841
64129
10481
231
84256
54882
10612
129807
5033
10062
85450
64777
116071
23325
56970
79048
22800
54923
25983
898
23263
873
11107
55288
7027
9595
8548
57381
728689
83992
100137047
9901
140691
55695
9870
9682
4882
2263
2255
23420
10672
6004
55072
10291
26999
8273
55278
7171
79699
92
94
23047
10274
1266
662
246175
9125
84128
894
285
57592
55505
5434
23348
339287
56946
1030
284001
9324
208
131578
6133
29974
8436
7259
3458
6778
3646
8473
151648
23179
14
5351
1993
11214
5792
55893
5445
23336
10096
90522
4007
57794
197257
80816
8819
2181
10195
11103
90441
54893
4363
50814
6181
9414
81848
9382
6934
79896
92840
114822
9203
51002
84296
25822
663
10459
80184
51138
8260
3983
64946
23530
11332
25934
23286
4849
9220
578
84324
7750
64216
26147
1843
11152
156
55970
23594
23414
51667
1737
6184
7918
10099
10801
84988
11054
404672
128178
8829
8394
2802
90427
5507
5509
2494
55210
8816
9344
64426
23788
54361
4001
64241
51593
23087
4261
1337
57600
201163
1363
124995
4605
57111
6996
25930
10611
585
55859
2332
5641
8673
56302
78991
659
81502
11235
10025
55341
1824
114897
51586
116841
1479
119
51300
25962
116985
8890
56952
6282
493861
439921
9726
23225
10260
8625
5730
64080
3182
51655
3295
57136
1646
8644
28989
10847
57185
5095
104
84775
84886
51491
2870
4616
5427
158427
54476
55917
166647
6259
51185
7033
29028
4860
5660
10471
23160
84617
253769
199704
9898
2669
80305
4831
79983
10769
11102
23630
1947
4898
9868
5977
92960
92335
586
9380
3238
5074
5210
57474
4160
56246
144811
1981
79893
24142
3987
23071
11093
54487
148254
64786
3150
3163
54952
50488
4833
11080
24149
56984
26985
79002
56905
23193
9519
85456
84450
79585
8985
51056
114781
2762
5082
57591
22795
3339
1983
23413
27332
942
55016
8721
116173
440574
7402
79081
54899
374393
9368
27342
6609
307
27173
27065
267004
5577
54869
79868
79594
5982
122953
3162
5106
23092
54859
253782
140901
55600
144501
54474
157285
55829
23174
5080
23564
64864
1840
1906
84289
27297
8886
387921
8853
51451
92715
6767
83452
81876
200879
10626
284194
7486
4690
1605
23786
79089
55504
92799
522
11340
5394
10085
10654
5529
5979
11097
3980
4234
92342
84218
66000
7627
2997
29888
80262
6890
837
83700
55823
56943
8888
90411
55737
112936
34
8339
23220
283807
29101
7849
6337
92105
1109
2706
4677
7469
9570
8987
7074
64968
84302
79834
3418
4189
5054
5328
29074
55718
83608
8711
8574
11228
140707
8338
92259
221504
8030
5899
91703
60686
56675
25900
9744
5612
132720
80347
84619
10773
27303
91
3625
8792
54941
55502
55152
4238
10198
8505
63892
10788
2139
2781
5425
64062
272
2747
8568
26092
55969
81624
51517
2246
85014
2889
79077
5138
3592
23321
84675
5929
5271
55303
30837
126820
83694
54910
8991
113251
54863
839
10450
10560
9127
146206
79837
23163
284996
79583
79624
10069
25865
51335
4694
80006
84260
4967
89122
9221
11222
80829
23048
8323
1760
955
3340
114883
22876
94241
57143
9663
5318
23035
10007
116115
55644
9943
66004
11135
11213
51135
22801
5753
4133
7086
9625
224
8344
91603
7407
29109
9722
5605
51365
51155
4090
10081
389840
115939
64083
5916
2037
440603
8527
4615
55869
29855
1861
151903
9675
6234
10590
6810
4642
2224
644150
84061
117283
51363
833
4124
79643
1892
29924
283899
9718
317781
308
57819
23247
79188
84273
55854
5358
23276
55833
9520
23347
10283
54583
23528
257629
114825
5154
7476
9421
10011
5592
5810
7707
9019
283635
120534
11021
7994
4617
4720
51144
54629
55207
117584
84455
9491
1509
673
55340
95
3007
2960
5048
51306
100874369
3376
51520
27348
83667
23051
286148
26521
80864
55345
91369
643853
65266
27347
51317
9742
10190
56474
9997
91663
10564
25909
3094
22931
6263
3035
10558
115557
23597
781
9797
5211
65263
115992
65117
55119
57492
728577
10533
57205
79695
10331
9695
819
54205
131965
23640
8796
389677
788
90861
90338
7552
5229
10439
10256
10452
4907
2950
8997
2192
23645
994
51188
26084
5144
7805
9276
5213
3912
7102
2187
55529
23187
51639
684
8863
23080
197335
79939
84206
56062
23256
146223
8905
9771
219348
221830
1106
55770
1725
27309
2021
6191
64924
79608
9904
84991
57088
5602
92002
3206
548596
114789
3097
26505
2182
23376
116931
54938
56926
284677
91582
79026
25800
81537
29935
79590
83692
10056
2193
92181
9842
125476
64423
57142
114984
5699
3115
138199
3801
113455421
79027
57380
1819
55714
26119
25870
4920
4123
9990
79990
10802
1048
84300
10294
8864
3572
375686
2673
79735
8880
1121
57109
55167
30845
22841
10608
283489
347735
835
84056
3671
4200
9905
10667
201475
10746
151835
56983
9015
11083
1857
57539
55764
10569
10257
26098
90780
55536
253512
9402
55577
144402
55249
79754
57505
79109
63908
374920
64746
22937
57405
27285
1436
10330
83990
57402
5891
1124
22
79873
54875
4782
201164
89797
6924
6203
11128
4726
4725
399
25994
1174
9933
197131
2235
10042
3111
5326
8195
5720
55684
53918
8672
7570
58478
23762
5935
51599
254428
118472
23191
23753
11033
51239
55758
23192
10953
202018
84920
23152
29072
8526
3036
22853
10200
54542
6773
10947
51304
284459
7403
53407
81786
400506
11170
129303
6546
10286
9825
54758
26515
26519
23172
3012
3371
55068
28969
23168
79228
344558
10123
55164
10695
57190
26249
3224
5524
60592
9637
56341
26097
83879
57703
27128
6621
65983
11273
4253
55696
81572
57690
55007
84058
29925
114898
128989
9295
27018
7511
89857
3930
6835
6489
25904
23094
7566
130502
55132
55039
1277
51074
5870
79776
201627
11112
10781
57396
56963
55753
81610
142940
23304
23002
9525
84936
8554
112483
25940
80256
1375
9878
283237
51622
143570
92922
221443
534
78988
9789
9684
64395
10682
50808
200205
57670
27102
54874
30833
10095
339230
79080
81846
54521
2043
91544
4085
8027
22872
57544
22839
22941
79102
79441
23480
63979
9455
4488
79075
5349
84279
2643
84317
1793
10212
90550
6238
7025
57542
5310
55795
54749
3300
8609
8820
5352
57679
8270
1728
11329
4128
6874
11267
9360
11017
9573
399664
84067
3693
653333
11252
55346
80344
57181
66008
84498
100128966
26061
116225
9792
134553
1901
567
79989
1676
1677
3233
389541
84914
8514
57707
441250
92344
51272
6672
51642
114879
10526
6675
163882
4152
64397
118812
55156
55074
4711
1837
10295
149986
23177
5738
2247
7098
9442
10723
5786
55671
2791
5284
5865
80007
26136
660
158038
55353
7905
1329
100423062
1662
55793
4839
79660
23148
26035
2264
83873
670
59341
81693
25902
80227
55638
6159
93624
203054
54808
9124
27254
55425
80223
10865
3200
57708
5533
139324
27300
23607
154214
64759
254013
57559
10008
10299
4041
8325
8731
9201
10427
79767
375790
54932
5009
56882
55679
5189
6242
2705
9208
9172
90231
100379661
3913
25804
55143
284297
3660
10982
22821
51367
80153
340359
9517
51455
26504
55182
2936
83460
11231
23224
8703
1362
26574
5243
6452
513
9937
4796
29984
7059
161
27257
7253
100289635
114049
9889
23269
54929
55015
6241
22909
9352
79085
4647
94274
5587
92610
64949
79029
149371
9100
79629
151987
25796
54887
10570
57096
129446
153769
64359
4009
4680
84699
7089
9886
200424
80818
123169
6433
5058
80760
119504
57482
51127
9692
26275
6558
51112
79842
26031
183
3122
27122
7444
10641
84330
93166
7064
81617
23211
54554
203328
55092
80308
91662
5141
84749
23324
1636
5191
6883
9794
23500
6277
494470
25957
2123
10550
285527
7866
11319
51077
56987
166968
84950
9516
79725
9824
116151
1105
9704
84319
57484
9563
51021
7784
90161
128869
1745
65083
116540
9333
79714
9133
50485
51096
6651
10121
5438
23637
5589
7298
6236
8870
2205
139596
54963
8079
1749
4487
84295
10606
653489
23509
11285
90806
3897
54845
2050
51478
1841
147923
4913
2073
7873
441549
92140
7216
64787
255967
3739
79960
54732
55729
54814
25915
23008
27445
3675
56927
9267
55269
29952
64127
54806
10437
81790
537
3029
8836
3226
25948
402
255426
56925
7220
8331
283638
54974
147807
5770
5098
51081
51380
80381
64110
6493
80830
64319
8358
9585
8634
23042
5757
25978
81570
738
80205
22858
91687
1282
10252
558
6845
3696
2639
90135
116840
79752
83468
57035
23654
27236
8867
9689
286753
10365
440193
825
51371
64844
50651
6623
30000
5303
9837
658
8321
83447
95681
50717
7043
23646
58526
51326
60672
23580
54059
84962
25926
54584
51657
9370
54700
1621
80023
55139
54851
10750
55234
25778
7593
147138
81542
23023
152006
51
10981
5998
4753
5514
57463
257218
246184
29890
23479
6141
55861
123355
3177
4924
57403
55198
154091
84844
9375
54453
116461
64789
27292
2280
26271
150274
10005
7871
167227
2982
7812
10613
5362
56521
283078
7078
25897
79796
65010
8227
81609
10311
51329
10849
64792
7770
10974
157657
79672
220002
6239
8772
6744
5609
2131
2963
1968
56204
51206
64975
100289678
5378
165324
23258
6470
10217
285190
54762
23621
84651
4496
27071
55748
55632
7940
7433
146439
79818
10531
51449
22902
948
9514
55766
58491
23016
8897
23140
2137
143888
8332
10939
84674
342945
414919
51187
84220
10039
653604
9546
3612
1289
55006
58484
51203
5547
5170
9317
79621
4857
283219
9054
27241
1062
154807
54780
197370
27443
5073
51429
51274
80824
9353
9465
1376
9687
51285
26167
404734
5910
439
7767
51076
64207
2596
5333
51132
122786
5305
51466
3842
54788
4775
56913
23616
6309
27243
23293
1003
10922
10464
219771
4478
55319
2117
11079
1763
8464
222194
54145
51101
80207
79739
79770
1780
6990
28986
3033
64081
3977
3976
5307
64762
11333
6689
3267
51204
8933
22894
23609
89891
25824
55253
8741
4534
10959
64412
57179
286410
23403
337879
58506
81627
4179
5291
29086
5134
3925
10495
57161
56896
6853
52
51460
57552
84937
1984
3118
22929
5471
80777
92359
53938
27341
10449
51569
26225
29954
10314
55137
5646
79000
1979
55975
3619
55884
6928
9672
54969
8744
56992
64763
139231
84930
79650
5819
5126
79811
284119
2584
64149
1001
23053
222008
23099
80228
3098
5089
54033
54913
81831
80124
84232
55111
8313
7718
7745
84532
10537
4638
100101267
126393
150678
83475
26157
10609
5989
386724
9965
50861
10410
25888
93100
1466
92815
113201
284656
10955
7105
3142
1755
64689
5130
3741
57007
64073
55135
23677
78994
51019
84245
79622
284040
84083
182
51148
27430
6505
80011
83547
9079
79133
1813
8346
84952
375341
152404
12
163071
3833
25759
84152
2975
79863
64897
64434
221079
201626
23423
84310
55683
1054
10360
51114
10083
10110
147686
101060376
84643
160428
79586
23176
9796
348013
514
3382
10156
26093
54949
28956
10279
201161
6887
51567
29940
3018
219402
727851
9828
91782
23214
23474
84984
6046
29959
9690
11010
5774
23338
79169
10101
50999
54465
50640
55676
4249
254887
4043
55843
688
55218
57609
10848
10312
357
23683
90417
5806
10584
5606
51014
23328
146956
11146
29103
1471
84265
5496
11212
51199
53616
146691
1743
6620
4651
79706
91419
51202
388813
9553
9039
100293516
126299
59343
254531
54734
4809
143425
26290
29904
6103
51291
1622
55759
81037
10775
9255
5306
2647
93986
116113
29058
54816
1608
4059
23113
7326
51015
374882
51164
58189
4645
782
340156
6769
79843
375484
4741
3694
10766
6745
3782
5364
3217
65108
2946
84313
23596
57489
771
23587
157773
57610
29087
9545
1559
8743
60678
64321
285966
57222
23368
2683
4012
9475
55209
653784
57594
84547
58985
3588
283578
5097
50810
2917
7408
91746
27089
843
92400
64943
5763
157922
23426
4710
22884
7295
63915
9653
22875
10463
9648
64860
23131
80222
9397
26140
51134
5627
152185
2660
126070
28962
10243
10478
9805
54431
9989
30001
127262
23095
1545
1645
63894
23401
29126
79807
245812
54680
6892
30846
80155
92745
7728
8801
19
23515
5950
84912
9683
81557
9578
10475
55094
9761
80232
55347
5125
79142
37
201798
55083
23231
55604
54810
116092
90701
9538
10636
80237
6792
50484
2827
64798
123688
6838
81544
51103
8345
64782
284273
2199
55033
8799
51626
3605
1802
342977
51538
9232
9409
729440
23379
83696
4040
8996
57128
2719
128077
7957
54677
4850
57704
203259
1464
349667
1075
10491
84126
9223
9524
109
84224
8456
9528
7077
79810
4538
259173
3052
5909
114991
9556
116362
387882
312
83591
64222
92092
729540
255758
64399
6469
114294
137886
2005
80004
54894
842
977
23495
8555
57107
81532
51142
8425
55858
64135
2322
63982
4017
8638
51258
79086
5256
11188
56655
130340
23294
27032
755
966
130507
23332
79937
8187
51571
10
255877
55082
26018
348110
79581
56941
8550
220972
27143
124583
389206
9479
6631
9604
7296
84717
51171
7975
11158
54475
84293
2029
51735
10905
23029
10522
51526
984
2548
84919
972
112
400
51760
9086
79165
83478
56126
56980
3710
6695
28982
55023
57659
7779
950
83481
23708
90594
110354863
84975
2242
57572
51379
23233
57333
133015
27166
780
23333
113174
27
4122
7702
26953
55337
80317
2817
401505
54461
197322
3291
23061
126003
6591
10794
28957
64779
53339
29062
23253
7775
84520
2752
23133
283742
6731
158399
2983
8545
55544
4713
114990
8720
5937
10785
1477
10855
9840
91543
5742
5194
905
59352
3601
8896
113
286451
65260
285148
54344
284611
762
79832
27086
90874
100302652
55336
23215
10743
204851
3998
1768
342132
27079
10063
131474
85359
60490
10199
79639
23424
57180
55330
81575
1730
240
57016
441282
84275
10999
142679
56270
90353
1603
10644
56850
79066
10979
90488
22930
8995
8784
57647
55466
84933
253827
25893
23301
3486
64215
1163
348174
30968
2624
6347
987
3488
3697
3664
6894
6000
148423
54552
10057
836
51182
10436
7464
55906
56241
3071
321
134147
2122
8330
689
80216
8449
51078
489
2767
112849
25917
128061
2039
83637
54994
26133
6943
1340
79847
30811
10465
55633
9028
81576
6231
25879
26040
96459
5540
85459
115416
55631
56948
51506
84668
440
7840
84281
162963
201931
79745
92595
5831
171017
79572
57407
252884
57447
195827
10385
51501
521
6484
55454
501
3752
445582
4648
6814
8740
593
57132
6662
55080
55028
80213
144233
2444
51309
85476
54801
26130
84705
158358
5289
219333
161882
60625
23221
149603
27129
10945
4810
51278
10435
114884
10072
153562
26207
23671
384
81788
23704
127281
84570
56681
1812
6833
11069
9681
54962
64785
2045
79414
11101
5004
7490
54946
3170
360023
56605
56994
57649
9907
602
4512
55876
164091
64320
51496
26355
57050
759
9767
399909
54566
25950
80173
5874
9493
9509
32
84706
22863
3945
25820
168544
23213
64284
55217
9891
55561
138429
51128
64224
3202
54726
219743
7374
63935
5179
57573
80144
5923
23595
114882
3755
5797
124152
57486
29967
23299
10396
51108
3841
6448
10367
2553
5740
284361
8869
101059938
57648
92399
57462
163859
54878
4063
6988
25984
10087
11162
84080
5863
9755
9541
55624
3587
23670
49855
388969
57616
23567
252983
5696
649
7568
285195
3757
79180
4485
65061
105
8854
27069
23259
51250
10807
51186
23078
10451
91875
25766
89781
3257
54707
85365
121457
79095
26063
51154
65987
11169
23108
10950
137492
91304
55258
11138
4795
27077
7174
51226
9927
54977
10455
4946
2632
55796
622
222950
4756
54619
83732
55191
51060
55739
23262
84196
130940
1949
27158
60314
64168
54478
26012
4598
23568
51115
1908
1910
100527964
130399
10635
8303
121227
79037
10180
254359
3704
84812
55601
50964
831
114803
29914
10767
60481
5345
84376
100134934
80019
5355
80025
84100
3751
51031
79789
60682
27247
64784
50626
11132
9811
333926
57018
57631
80017
55117
126308
147040
56990
10927
126326
26191
283248
84133
64780
285590
55095
10493
79648
5993
51083
64225
93233
57057
11325
55825
283987
54906
57613
55635
2243
594
23240
10782
119391
54883
87178
64219
256356
81579
22915
389434
85415
256714
55005
57410
55238
1181
55862
64857
654483
81794
83448
60313
28973
80319
79635
8732
51172
729857
10978
10290
127544
91612
84335
5768
57685
159
3778
7692
151613
4976
5791
10983
93129
6560
23548
133746
56986
3099
9278
9741
84440
26115
100885850
56005
374659
10092
55565
158471
155368
54862
8780
11031
159091
476
29843
8970
6382
27020
55593
26123
858
727910
4644
9429
55808
5569
54480
23264
10309
6948
84057
150472
55296
928
9296
7351
79370
58485
8969
80233
1263
84938
140688
27253
2244
5654
6342
5190
3227
253725
1998
5799
2195
30851
9310
23059
28960
51752
80230
55034
51759
83473
51231
6405
339745
5826
83939
29094
64757
91624
65258
84069
268
5780
63916
9132
23729
414236
2281
129531
26017
100528062
10023
81034
10100
651746
56884
26071
517
3158
90865
23408
4715
53373
81553
154661
26229
140775
79817
221421
84146
55720
148327
124245
8140
26973
169714
5121
345778
51234
4201
692312
51247
113026
9170
84881
25816
4139
23208
2760
3916
387032
27134
3714
2232
6832
116143
54621
58486
79879
51209
64756
55359
63874
5150
80725
51728
27175
91522
146909
55352
65244
3759
7857
4595
23505
23443
51763
8537
51560
51531
55344
115704
57455
80231
121260
9311
9976
79602
116138
6444
100
2537
199953
57728
119710
148741
57146
56975
2764
126074
125150
80312
10020
81533
9719
148932
56911
6574
10402
18
7764
376267
3960
64410
51454
9605
55707
1200
6751
55320
11157
79158
9136
9833
23545
317762
150275
221150
644815
5818
408050
400569
4514
80018
9053
10208
8341
25890
23370
57701
5264
56929
55794
4267
83594
168090
147007
114790
84926
54756
112609
338657
29998
27022
8490
6863
6865
23196
79087
64764
2675
2734
10548
130617
6903
10507
3384
51347
55787
254773
2651
10447
84280
167826
91689
2241
51310
254225
90580
121274
57862
26959
8209
2262
54704
10206
64327
5890
55752
4094
1635
55620
55954
85013
23589
54502
25819
5534
115817
54505
51230
10827
26137
129285
26010
105372824
83716
9512
9758
23353
55573
221960
9772
55669
54812
463
90990
10479
80128
8406
146722
64419
11178
130162
23127
51646
4943
10565
111
79675
29934
55289
284325
55325
5630
51809
79856
112752
78987
1781
5999
7544
1128
55687
3909
79853
8821
440093
196294
64429
401541
2157
55322
4049
23705
10420
219844
23149
10541
7347
26577
59307
51224
55437
6536
84641
2739
29
6652
114836
5775
63929
7294
83443
145781
55004
2286
8131
115677
10670
7584
80895
23556
51659
142683
8495
344787
51727
146
119559
475
4150
55582
64745
440145
26230
1519
55214
148266
51742
158747
203228
83861
57645
283643
29803
9962
54681
6683
54539
57507
28955
65124
55733
285172
51196
4938
84684
390
9973
79369
10166
8808
29994
28984
221044
2590
55205
5476
57476
10443
79867
150094
5042
9462
3417
7355
5447
79932
5018
118424
1456
9748
22883
9830
8086
55501
79696
7786
2595
1891
22911
79726
79178
55251
207063
152926
79442
85395
271
55700
4707
3491
149420
140576
55909
6821
678
79872
316
85378
4649
4168
255488
493
5412
9966
8771
29070
89970
79892
760
7596
27042
11343
6834
51651
140710
80331
2987
25941
22936
25853
23040
143279
4323
5872
79777
2178
25771
83546
10444
84720
2048
55188
7458
23378
51157
90203
1944
11064
116442
4852
9262
175
57003
9985
9120
6399
114876
84219
27090
79858
25937
10362
634
8336
221078
10440
1310
94240
8914
64072
29951
63897
51068
2000
404281
84449
6909
129450
8814
51131
24145
8438
6339
23395
3248
25932
9600
754
10137
51244
112812
79074
144100
7763
55744
22955
124454
2036
132158
23516
126382
116987
51634
83874
5817
23038
29097
8458
8416
200576
57658
63826
23506
256586
23072
64710
27179
7357
8883
4925
89958
134353
84448
3632
90843
27293
79149
51504
51575
283933
80345
219
101
3087
163087
128
118487
4246
81606
51088
55534
57211
8395
288
79719
222068
55349
1238
6358
55084
91272
221496
64374
197320
80329
57574
253558
23765
3889
2937
22797
493856
55677
154791
83707
51699
54956
128338
79400
79640
10903
8411
23011
166336
6575
55248
3709
4781
9572
9542
59338
25979
124808
64599
22822
84189
129804
29992
9807
168451
55757
55213
80221
56892
9073
100532736
23102
90121
1112
337876
2717
57511
283385
9056
114327
645
21
6992
84954
1889
199746
23522
148103
22882
340719
83440
3727
54799
9091
5277
7348
4580
2184
7556
8546
25829
2219
26470
124565
9851
54826
7006
115294
55907
4696
64838
72
90187
93210
57456
285267
57099
83891
341
7991
6533
26037
3294
149041
140459
123
55227
387856
9569
55621
147991
7727
83986
51493
10144
3338
23036
151195
26235
60468
26984
257364
4915
92558
8882
8509
60401
4712
7070
2121
135112
64114
6905
90324
53831
2990
79073
9034
5350
170384
26090
6403
89882
50650
254065
9088
79956
252839
11226
84251
83786
51248
340348
54978
51764
9277
9562
55374
81554
64834
4338
51696
84524
2009
51200
22865
54903
10810
540
11037
10126
7746
5027
146712
2239
54795
285203
54809
9619
196385
114908
10231
8434
57700
7145
23533
3357
253559
57130
161247
399979
80775
84934
63934
115098
8844
7432
79573
11238
121642
79669
11147
55157
165055
9677
84911
9026
8559
84630
129049
254827
51321
23503
10384
26020
51523
84896
5142
6100
55629
9244
7564
90007
11189
55224
51364
57515
115560
55435
1427
55175
388115
84899
6935
8643
6608
143098
51075
79589
26579
8492
29090
1803
54897
57048
7621
8942
55013
116447
25949
58492
79642
23151
54496
25852
51124
90355
51706
27284
51534
3241
25977
83638
51601
249
10555
57186
4240
6422
201965
9377
221656
9896
53343
11044
55333
8618
23230
9550
3460
410
2588
101927446
83539
29789
776
79993
375593
4294
728621
5168
51042
64089
5283
8348
8682
1723
65979
22978
27113
10780
374354
50615
347902
6397
55773
121053
51118
51690
57523
341640
285605
55326
79798
64063
135398
66005
221545
493753
1244
8369
79825
3658
57568
79633
9887
115
90268
1611
84951
57553
1316
64866
84221
23354
64407
51170
126433
139599
6341
23138
10469
3764
7701
64236
11014
55846
144577
3454
81888
152579
124402
221785
55680
64856
6120
3707
11108
10637
57217
54920
91010
27109
130026
80129
91523
7837
901
83660
5967
5639
283212
5526
84193
8612
493911
126133
22859
205
29919
8842
150209
161003
7922
5008
80097
114791
64895
84267
79763
25921
54058
30815
143686
342667
58513
26160
57556
114904
477
79034
163486
23093
79912
388650
84065
10332
7978
1606
139285
196513
51389
63970
9917
79794
2949
9950
51251
7029
283373
1522
23373
118987
5083
283377
55254
79230
51181
5019
3013
3934
3425
5174
5754
2774
157313
25973
4519
2530
80021
10908
56995
26005
84159
8872
4071
374986
57496
2794
7625
8019
5253
79078
135644
115201
8974
83451
85463
64847
3363
389337
79709
440026
7633
7733
166378
91368
2016
23598
54876
1306
23086
54455
11282
55329
1284
23317
2593
6503
8879
3898
225
7222
262
431705
8541
127255
4224
1604
285231
401447
91147
83549
54466
2581
83988
54928
23052
9110
9123
166824
2826
57590
8519
219988
5644
3034
11076
3633
8556
50632
9144
3421
1850
2729
97
57643
57097
6300
123920
4125
389114
5428
11232
7389
85313
80763
10050
84299
64432
60370
116832
79183
154075
196483
10302
166785
8632
84138
55614
57148
8310
283537
6822
84340
54997
55297
1490
219699
344148
51023
79671
83714
170685
25813
4247
579
1950
9640
90809
3174
10563
133957
443
64097
100287171
259282
79778
112970
127428
3213
27145
54469
7477
3552
25996
767558
283455
9399
8871
10380
29066
51477
57125
79600
8399
2004
79092
866
9245
883
79828
126208
2180
1138
8857
64118
221154
60343
51271
221692
790955
54790
54328
129563
79694
26034
347240
11067
114792
8329
23261
2621
57231
152485
54495
7461
57480
6170
51611
84441
7504
201725
2702
80210
55286
10272
2072
10948
146050
28991
84542
23082
84514
54332
58488
23070
123228
85461
51125
2321
285598
23623
1353
10424
26205
10196
55568
197258
5636
2686
91942
64900
84968
347734
199870
79943
57664
55746
57560
5858
4285
9069
1496
7166
57688
6752
64342
55856
284697
5224
84766
11153
57514
83658
1366
29100
55959
1774
23341
152789
389812
6539
9468
80142
7554
51218
54665
54802
79692
55280
89944
28966
5164
23241
2653
23090
7172
51582
1809
3081
29880
55656
10280
30850
63923
84124
2271
121391
79613
152503
84836
2491
4916
81605
116159
81691
23576
51734
84188
5330
30844
2582
9665
139322
94097
8633
9736
148789
91574
92667
1066
118426
64801
401145
6388
58499
4820
4129
7373
57162
218
4650
9185
391002
394
80127
1298
65982
2535
2054
9766
10457
5279
55591
146227
51175
1393
153443
51090
29083
158809
10322
9117
83596
55049
306
22906
55008
23254
10079
23473
84923
80169
162972
57045
1632
10961
29071
57563
146059
57337
125988
27085
54541
88745
9913
148170
54830
26297
79651
57799
55071
23275
84898
2627
171586
51668
124401
11230
115362
163081
27000
138639
54836
57001
9922
22864
152273
23041
55622
4982
55778
130557
57575
284716
9258
140612
8642
54439
64398
56978
2822
56265
134637
80199
79363
11092
84864
147463
28954
84986
10370
63939
23731
254394
80856
2971
54497
140469
27440
8646
65981
84318
29887
54549
7748
8818
51227
3157
10630
26520
29928
169611
2041
55486
6610
137695
4013
9122
79135
54468
56944
10066
256281
25976
9630
8702
51337
25851
4552
127495
57478
445571
85413
729991
84626
2879
80776
26027
162394
3695
10205
55101
375775
80111
57586
54961
11237
7225
23074
3422
112770
79661
2633
283358
25821
6678
9874
255022
83595
729830
1839
1945
9064
10090
113178
100861412
51119
23012
54901
203522
165082
177
57655
57336
9925
51714
79098
4351
196264
7799
27283
113802
28951
111240474
9450
25874
4880
4881
2876
54970
8659
23277
441478
91653
166929
23218
64800
83636
26507
55200
132789
4314
1465
57105
5269
148113
10591
22995
130872
84274
64061
23207
90987
152007
55852
8745
219854
283971
285489
4357
1510
199731
5005
6003
54982
53832
22852
10235
258010
653583
9617
1848
151393
84632
10326
283989
80063
51110
114799
727897
5570
93611
11322
84501
10799
139886
6782
81545
79068
57536
9826
102157402
153364
64376
64131
84695
4585
115703
55316
348793
51236
3350
157378
10201
84888
5184
84874
83483
114885
90204
10717
57677
222662
8754
57547
10497
83852
112487
55295
84795
400073
27230
5066
221908
8013
706
285180
64925
29098
84885
5007
9289
57479
1429
8092
494143
79954
10587
84904
55701
113612
54968
148137
79673
3420
10244
115123
403341
3151
84680
9205
25963
4758
343472
6541
283149
6650
636
165
50515
1719
54676
201514
9043
57493
55973
11122
7349
1687
51011
388962
84301
54839
219931
6487
84337
199777
199920
9855
114800
54440
10520
345757
5348
7054
25807
814
4126
11266
57019
9238
10428
55031
64221
6668
57178
8776
1365
57494
55262
8435
79070
8544
79658
56122
387119
129138
26960
167465
116039
346171
51201
63931
4953
4947
343099
143872
9885
51409
8506
158586
8690
8800
84451
83985
222235
6307
84328
163259
54482
64901
4254
55777
85444
51106
28972
85379
126298
147948
113444
10219
10017
9963
81577
91461
85377
98
348093
64283
57522
64427
5173
91056
57453
23358
9547
256471
221806
7574
10335
196410
79634
100505555
10652
348235
79845
80219
56650
29801
1047
6553
1800
8803
23658
160760
1087
6550
84905
92370
51528
91807
84803
54981
79736
84958
388701
23129
79177
57213
338707
126669
148362
1113
79064
255252
92689
130535
10516
29886
1371
84437
79668
115861
57665
154007
54857
122704
1854
2070
10553
54102
56923
6843
7106
404093
4640
8859
1233
58475
23417
79147
8322
23593
7743
7553
9423
374946
79175
1491
4968
55572
79827
388536
214
7122
7035
122809
83940
57091
4121
6940
51123
29901
8846
284992
151742
127700
128674
155382
125113
200931
54834
23315
1101
79644
51330
201158
54510
239
90317
1292
84614
84243
94031
137964
26585
55745
84947
10725
8225
152518
8729
9655
57198
29105
9791
10157
51373
79690
25837
9831
1644
9892
8572
57696
206358
148534
24139
126231
387755
2572
51339
1609
7760
9535
339210
84240
2674
2741
54986
5613
89795
100506736
6171
80325
375743
144404
65062
8611
51816
286336
3628
7318
57095
8839
83857
1268
11018
3775
4509
7712
255919
222658
64288
135114
5078
51315
83758
124359
440689
56895
497661
112479
8334
51111
9180
79998
79019
25961
10861
11142
283208
10345
79056
125170
51163
28974
55103
89848
23096
59272
10203
115209
91408
1374
219972
10391
340371
154043
9836
55323
117854
29990
346689
79829
157
27315
9583
8635
56181
128637
79631
3779
23024
57404
57176
57654
11022
963
57446
57157
22944
57713
10026
79192
54555
2902
2592
80271
90019
2941
5746
1657
400818
25914
284352
22921
954
652
3606
27180
339122
54798
201255
6713
4752
10071
80737
284391
1795
337963
116224
392465
51092
143162
2745
346606
148479
392
1939
220164
10139
92170
54853
9762
81563
55332
114880
25927
64220
7738
4147
84331
26099
2135
5596
10158
56889
81566
5924
255043
1136
554235
1351
124044
8722
80146
116983
56951
2622
91289
55270
2583
229
124411
80183
744
55030
56940
9760
7542
2395
25946
1040
56132
440138
100101467
642273
148867
56890
4883
10867
6051
140680
11015
26267
8549
9398
79042
3354
338599
89801
2258
197407
55784
29085
126272
9860
80332
64581
283871
2819
617
90799
80303
54960
55512
9941
63951
166379
26022
8637
63928
128240
127602
1318
53349
220869
55266
11000
124930
64582
139212
27178
63901
26750
63910
10840
84976
285596
23463
92211
2638
23551
3600
50862
3400
54822
7769
11216
7162
9765
8694
10245
23555
55769
64766
10076
794
10349
254251
255394
8542
2645
129080
2532
123036
121512
1946
100037417
124935
115004
51004
9721
9812
79083
2619
55179
9819
84553
9988
56548
56910
22903
85453
66002
5697
317662
221322
84870
23761
57605
90736
1534
55848
26469
23167
6319
353274
155038
55776
9501
785
3352
339318
10800
84696
55830
7177
5744
4337
80704
285237
727866
51710
222
10691
342926
7478
117166
144132
116496
79934
147808
122060
56912
57569
84071
92017
161823
23232
51312
94059
9130
2650
284207
1953
286205
64077
84064
22846
374969
116988
25966
84681
9204
285193
4600
7434
150709
11145
9881
54784
3145
23760
27106
22877
4072
6041
348094
123263
151473
440087
912
5203
85406
286257
51228
4969
339231
6913
60559
253959
55244
23635
326625
30061
79676
113179
79140
29985
51022
91074
10899
79415
80114
25987
92747
79053
89978
91749
54947
23471
78996
375748
57711
29995
56603
200523
57102
10825
64773
3762
54546
219736
92482
7567
55313
26269
64411
284086
113763
56034
56163
80315
6512
1140
90321
27035
10811
221264
114785
83479
114659
730
53841
169841
23360
131408
80243
22847
401548
728
10269
115286
157567
91392
80139
29980
135154
51768
10894
79969
11099
84316
146395
29080
8479
4603
84327
528
399665
2277
6049
387923
64718
132949
8802
27314
50853
80208
947
5205
158135
7008
116986
23456
90485
10400
9381
375387
79800
7368
55312
221302
25799
1139
169792
84878
590
170482
1593
51316
84924
84102
9537
116835
132299
6376
339512
1131
23550
79982
55219
22904
56676
100526740
55180
10965
100130207
121665
116328
128434
10103
79031
3781
57687
401190
55151
389799
220
130589
7699
57608
1833
27286
15
10135
374395
6690
55020
10308
3823
201562
23300
55628
10962
285313
79918
25861
63917
90871
5734
83888
29923
91894
57577
4199
80110
84253
389119
56063
84541
124446
118813
131
4983
29960
80309
2560
26108
9923
55351
284069
57620
421
55890
3001
387496
131076
80324
65977
203197
60685
10518
100272147
80267
285282
9858
84250
151354
79574
55665
150365
89846
28971
57182
56917
147015
22999
51372
1004
200014
6571
1120
91133
54993
55786
641371
7264
23306
51540
23305
79805
56954
4821
6523
55531
8460
5373
51246
6373
283337
1285
113220
3918
25864
8398
1396
64921
89845
6387
57188
91433
140467
145483
56255
83989
23228
7730
11219
145482
4520
79646
10741
55654
55608
81562
6549
255189
6902
92822
9022
85443
10631
283927
9452
83930
729515
29969
138428
60681
165215
100131827
27153
35
113675
51062
81025
80206
79684
23200
1798
283234
23527
56947
83849
57460
53904
3955
63926
169200
64067
80851
26279
23351
5239
56649
79691
5789
84272
79591
158158
117248
192286
7482
54985
113246
200030
1132
7716
644019
22928
10371
23483
84817
85235
7056
10350
7752
114905
84895
50
2531
221061
84873
134549
55160
92285
122773
83937
57614
147184
122961
8459
64743
202915
55184
29965
29785
55760
171177
2254
90407
112817
84419
3112
29035
8427
6248
9679
220042
94107
10327
220213
10282
22869
10237
26054
93109
23171
83648
102724488
89927
90835
23205
131177
84236
9880
55471
79674
2644
9488
50487
23660
1489
90956
85007
196883
254122
79647
6035
2526
6920
30820
654364
4241
114784
9215
220963
1185
55334
90637
219899
710
84153
120425
84527
388753
100132406
445328
119467
1364
80264
84909
646817
26472
83699
116064
7592
9746
390927
4828
115024
6697
65055
255027
83442
81558
5875
114987
4935
80255
54841
285671
8547
36
4948
92935
27152
3574
79949
9050
55088
4939
403313
80000
57683
2877
8120
54943
160857
6302
27165
55055
123016
154467
474344
2519
8639
134728
57657
881
57666
84693
53354
123811
151313
133686
144608
339479
51804
55051
54856
3077
55196
6351
147912
7694
132884
9507
8501
54868
27294
8884
149840
1303
6414
11253
84162
64760
220074
887
392490
266727
81688
79774
7363
54890
83941
63877
79831
120114
8831
285761
85474
221711
22873
953
84465
100506144
23590
57017
55112
80270
166815
203260
114826
126917
6586
149013
54942
55617
134111
3952
80352
55108
401647
654
199221
102724307
26048
56271
10732
375757
9654
161291
79891
55105
1002
27154
168850
8510
55727
54987
121268
56261
3938
4682
219285
1119
9552
23432
260293
54796
282969
6515
29942
1009
65243
3141
339451
4668
388403
395
51059
9364
84002
9912
54991
51084
83872
79071
84266
246176
4708
7543
56907
84647
23554
221091
340273
145864
51703
7275
152098
56128
2030
51012
64090
79612
4257
80194
402055
54097
90673
57458
65251
407738
10655
55255
10154
8482
146923
285381
7100
286256
57224
404203
727957
10747
7148
22949
10804
770
79838
51005
7639
55228
140699
113730
51174
80745
60560
23116
79582
84818
84436
92283
1350
3899
93663
143662
253639
222171
29057
441531
1179
4248
375035
282679
91775
64430
90527
54545
54989
957
414918
1269
51314
84073
2110
284565
150383
348262
23507
55567
11240
3176
84144
388135
93587
93517
6649
55711
136306
286319
285636
55974
164668
4330
11070
84326
65985
221477
203111
5972
387640
286046
144406
246
165530
149076
26
51279
167127
387357
147657
130951
222236
134510
25974
27249
348654
3373
57722
101060200
57721
89887
89790
51117
113828
8714
23252
29118
200765
11163
727936
53630
9315
57497
956
114902
1580
9697
79884
8809
23150
340578
100996709
338699
23398
56849
726
137872
10873
152100
8698
714
9487
286133
25912
29906
51102
347862
340706
9568
25798
63977
54860
117145
259230
254295
284434
8817
341359
9703
3489
144363
84286
55036
3083
91351
2134
195814
338376
79841
64344
80832
26112
26998
29799
125919
51805
114757
63924
114804
10003
8320
181
115584
261729
549
100529239
23428
6519
79366
80162
55002
54905
57732
25981
8704
84769
375033
9731
2878
10194
391356
90693
127343
246269
7436
54832
885
53942
79683
160335
120526
6725
27181
9388
339324
112942
135932
84203
399726
146556
342184
23057
56999
10581
85360
79974
84457
55902
117608
23659
7637
150372
116843
79755
2846
338440
150468
196740
11167
9159
9249
84190
10216
57549
1134
219790
124637
9728
136853
9749
8989
128553
9489
7976
2696
55194
58986
55281
81493
79792
57452
734
84187
10316
169693
8605
9
151295
54537
94030
1389
54454
340152
5046
140733
80070
113791
55751
55647
10242
55357
1811
56898
112611
55206
90113
203069
80209
84068
5028
146542
375444
253650
25840
9143
160897
7634
144245
199857
80731
400566
57719
79413
7060
340543
23767
126
23566
55239
290
80201
9710
63933
80778
349565
79153
90416
3067
51360
256643
84765
105377067
51167
84230
285498
119032
51093
145773
353189
105374836
54674
84620
9473
54558
619279
7711
127253
158293
400451
54827
55192
84288
11094
150921
79368
80168
284
54516
84034
53834
389203
83943
91300
126259
90075
2524
140564
388569
3680
10588
1486
7620
60385
163702
79758
4493
8840
613037
149563
6580
84890
9843
163732
23007
340075
124975
