5594
5175
4116
3187
4864
340061
1063
6840
2908
6421
3459
6472
80279
3728
59345
6059
5684
10946
8604
23380
8841
10009
8452
81631
3857
5460
1628
3428
79833
79008
11335
5591
10765
8535
7756
4851
51434
6950
10971
9782
27185
10127
79666
5931
5252
3832
6228
10273
9531
10769
8710
30011
6311
23633
4171
85440
7415
7448
3685
1869
8202
9601
3106
58517
8353
1029
8450
6201
6780
10527
7083
9757
81608
3981
3577
983
8539
3064
6657
7259
6748
5108
10112
11331
996
23028
8676
121441
203068
54815
8350
5905
10482
3964
961
23087
25862
1387
26039
10013
860
8669
8667
51619
55611
114548
10987
3394
723788
3615
1025
351
11269
26580
8409
4214
6137
1994
8496
10298
7529
64422
79155
8517
3178
22827
5682
11047
3550
151613
6872
2353
57120
5970
55003
9045
1026
10399
54534
6182
4092
93
5869
2664
10075
1642
3433
9636
10097
1212
54972
3309
10681
26151
51631
1385
6721
2521
3190
79959
6275
2033
8359
6813
55215
3313
2882
4793
81930
3276
7068
1021
1031
4174
10492
51043
6667
60
23406
64499
5980
9759
6500
23512
55212
7203
5360
200895
1478
6102
6627
22950
6901
374378
7283
10694
867
3575
6155
6134
8189
56916
3146
9774
51535
54464
22948
55355
8360
10594
5795
8738
55367
7531
3014
7321
7186
28996
4204
1374
79901
1627
672
8440
8312
9820
10963
23178
164
3043
6050
6386
26060
1164
890
1655
207
55967
4701
8837
23451
1017
2317
10128
140458
5110
6199
10528
8342
801
3329
7189
8607
27336
51428
5595
8751
9202
6613
3091
25942
51143
55148
8354
7514
94056
3171
7088
4436
8036
22808
84959
10980
8148
7410
8651
11171
11140
282974
57409
5468
9657
54819
5093
8493
2108
51530
245973
4774
55294
9477
23170
51547
9678
84105
27067
8575
4792
3308
6626
3065
57621
7965
54069
988
7372
11338
51616
6884
664
6788
3336
4609
50649
26986
4738
5747
5728
54891
10856
7094
3184
29127
55623
54517
65991
4763
3882
991
25873
4869
6789
8826
129831
4298
79577
26270
7311
1856
1859
722
9919
79009
6895
4093
4089
904
5371
112939
60492
6597
5599
24137
9055
1717
26046
83933
9612
10048
4233
51602
23552
5700
9097
10714
1108
1729
7411
163786
9338
5894
10197
23181
10036
7532
572
6281
645455
90060
7297
91833
10569
2801
5433
9646
2146
5469
4332
4832
55072
8328
158
55154
79888
4318
2113
4094
6711
324
26155
55027
373156
10890
10114
7341
51741
9474
6428
3437
30
441150
3799
27352
5879
2909
83892
23435
29978
10250
1650
8668
55749
84759
701
10393
83759
5936
9043
1974
11345
6599
57466
5597
23421
81622
25844
25807
9217
56950
5128
1027
54908
161582
55507
11311
10055
57562
2804
9564
26009
112869
7325
9275
6760
51222
25925
93643
23469
6829
79882
3837
55193
79814
64795
5725
5329
4189
4776
23175
369
3326
6045
54994
3115
51773
5140
59271
10061
25920
348
7416
2969
51564
60493
975
3384
4478
203523
2885
1639
5422
8631
27125
4297
6907
81628
408
25885
5202
22983
10556
55704
5139
841
10210
55646
29882
5320
7329
3692
90410
26146
6117
2189
8665
8243
113130
10014
2746
100506403
192670
3716
997
22809
8363
8968
57504
10640
9869
57510
23612
10015
10772
4942
28988
55785
22889
23390
1977
4301
55366
4691
23076
4791
4288
7316
57147
23710
79701
10082
468
10970
116449
5510
1789
5833
11120
11133
1399
665
7535
3932
51527
5824
23386
57565
10474
54093
23549
9882
7314
1778
51652
27183
2023
22992
27043
330
56616
6418
8891
5025
8355
8294
10043
51067
26995
23409
4817
10411
5903
79017
7257
7175
546
7112
55761
27163
23189
5499
9984
4216
7391
10621
7917
51193
149628
8361
57082
79003
57584
399687
5711
5395
5933
57599
159090
6775
117157
55755
25
1982
167227
23020
5859
7030
5707
55339
29896
54472
3556
3191
8764
10049
7157
22938
2742
5311
83903
26258
55093
4173
5001
107986084
9128
51729
84816
158405
4191
2272
2547
10916
3315
7381
9861
79886
11143
8766
54536
23524
65125
998
6119
7156
10540
6202
79657
11321
9611
6709
4221
5209
9113
6634
124936
84197
4172
5000
55170
10809
23397
8367
892
112950
10458
200186
7844
1796
84268
79596
170082
3312
645121
113878
1739
2977
4904
63893
3607
1523
10241
7916
3956
6607
26354
648
23468
2065
55069
22832
9031
10155
27237
93487
5511
2634
3159
90957
2597
5520
8878
7534
4599
7284
51637
83461
10106
595
27161
23242
6118
7431
4836
55070
54955
10320
126526
80145
10915
4209
5929
23185
7170
1147
93621
8761
3608
640
10476
908
55844
1656
653121
10460
84282
8065
1503
10179
56915
3996
9770
810
83932
6622
3720
51562
4176
54540
7277
5553
5116
51780
1663
124739
26121
6233
55609
2064
50512
2079
5564
55178
1408
4798
23345
7023
4193
8540
55054
84062
10788
8216
6401
5335
6868
3188
26156
7454
653361
10134
128239
328
26511
1039
84220
6320
55668
830
5500
25843
85369
8850
117143
4650
8352
56257
57636
255967
10165
1207
6637
55610
27333
7706
5522
29966
6949
6741
267
637
598
55662
10111
23543
149371
9711
5515
1612
5337
274
112858
415117
9918
580
11130
58472
6144
5521
2800
9044
6164
5702
9219
84612
23281
1794
2335
5036
9987
11059
6498
3030
83987
494115
2887
57520
4067
6217
9793
9775
5356
26015
10632
5717
51141
5681
162989
5887
11325
65008
11328
5925
554313
51720
213
4005
53335
79035
58493
7462
25782
8562
92106
54535
23636
2888
1613
6938
124790
4706
107987373
2314
969
550
11236
5830
8528
10376
55722
6427
6924
10733
51377
3383
64174
10897
11066
29945
8697
9656
29920
10180
9875
310
27101
10498
54187
53615
3066
10808
481
22976
2534
8877
6224
8470
5430
3303
7266
6850
3690
6157
5978
6601
4052
1822
8737
6464
80304
9938
10051
9666
57727
27316
50848
10325
64121
23031
10949
11052
7327
286262
2316
84859
129401
53981
27068
4773
55968
11124
10956
10277
84993
6208
8683
10236
10204
3185
1855
1602
56648
8662
10010
3838
8614
55658
56254
9532
219771
55719
10133
3219
84464
51499
25939
84726
4670
1499
29110
8366
6605
2222
11007
23270
5598
10131
5983
2274
3399
2769
9958
10592
81027
3024
1058
9801
302
4734
3096
54840
372
8291
1915
11201
56658
55660
10346
9053
10467
2886
8428
7248
1051
60412
2961
11100
8634
116985
57332
6198
4686
50807
143187
9482
993
7188
5987
56945
1407
7533
5498
64375
23411
25793
7010
56852
5691
9218
9527
7323
81847
7307
57129
55052
3082
960
93611
4134
5290
63875
26994
47
55681
7466
5686
5435
23064
6774
29911
50855
5607
3006
81889
55526
22981
8139
6628
84309
7132
84617
10598
178
9513
8803
5928
55957
8565
5245
7414
7037
3953
5411
51514
4234
92342
3622
55149
4771
920
1736
92345
9140
8339
9411
220988
49854
23013
5771
25895
3939
8502
3192
3554
226
8777
59339
7322
1270
10426
10383
8543
54821
79786
63891
28964
9001
9141
1154
4087
3181
694
51255
3183
811
107987457
9698
55971
5565
2058
1213
25998
9700
5885
6222
1050
84285
30849
9212
3717
4292
4689
23557
9737
6908
10094
81873
10524
64979
55364
6122
6129
55011
55471
100529261
196
9049
220134
85464
9877
6696
8975
25839
821
92521
10521
22870
9181
6867
1535
4688
54625
27252
51592
5862
2319
8815
79803
26228
65003
1938
3205
11168
9550
144699
6188
23173
284217
3673
56893
23283
9967
23517
1163
1018
4141
23272
7009
29956
8301
27327
24144
83695
6633
8907
2120
9939
5585
3992
5745
8548
64170
57103
10668
55754
7040
9077
9406
3055
3572
83737
23559
10580
96764
23640
3297
466
3216
1198
6595
3609
54934
8573
9146
57092
23476
2060
641
64682
10844
440145
8945
1432
3005
8290
6879
10549
54935
81929
6396
5829
1540
10875
9584
10342
1654
79871
6197
10454
26164
23405
79913
552900
84905
51009
84447
6139
9730
4175
10567
23091
55083
134430
3068
51684
27148
79139
4800
1386
2935
56259
5783
26993
256691
4047
25814
23521
6132
150684
6310
5836
573
197
64087
57521
8663
118472
23191
27131
23184
10947
2869
8368
6598
8650
6434
51295
23112
25788
51585
55246
56474
6504
708
10658
599
6925
196463
201895
5704
7185
54443
9948
84823
1948
25894
2617
3593
10018
5341
2162
4854
79446
5877
5286
51647
54039
54778
11198
23764
81926
51160
2213
2648
2564
9236
9867
58525
6606
57180
8161
113523636
2623
8106
64754
26173
11154
6648
51176
57405
699
705
51663
7536
9961
51003
5436
89953
253260
301
142
23054
79968
10574
11228
9070
127294
9643
7541
1129
4286
8314
4778
1329
55626
9530
90850
2307
51606
93436
55081
25886
523
2040
211
441518
654346
55110
10363
51474
27107
84365
29079
153527
7386
387
160
23234
10617
29082
257194
6801
29015
121504
10284
7525
27351
10576
8673
53407
1196
23326
27044
57187
6809
7159
100529063
4000
91107
5163
2078
9188
2720
1121
25777
84128
8365
6836
79001
8570
23404
9817
10142
9733
5071
834
8835
3910
3958
9457
100534012
124997
55892
7874
9946
8774
51594
81620
23211
54554
4790
8110
55275
4780
5604
57646
151194
57085
79922
3920
25945
444
29117
8649
55342
23001
3133
118
1460
8924
55831
6566
80854
8934
222389
5198
406
9575
4149
3028
56993
3301
83605
57154
10606
5378
7150
9588
2580
80005
5393
81704
196441
5111
5871
6830
10413
55048
103
6764
55898
10038
8370
55596
445582
23135
51010
200558
3718
6776
51444
4736
55602
10116
89853
54739
4671
3045
326
55661
2665
60509
54438
11315
5708
5719
2305
2309
8289
3621
11151
60489
79677
5050
5300
53371
25836
8930
114971
125115
6790
10542
10845
1388
257218
222166
10552
10129
10985
30009
9100
55388
9709
55914
566
526
5878
2071
201595
55810
219541
9879
10153
6258
203
6249
5204
10755
3561
26240
63027
11103
10994
3611
10095
1468
3654
29789
51070
89874
10422
5886
7508
474343
4513
6257
3581
9785
10523
54892
27072
55014
5801
3796
2799
51719
1072
167691
80781
8337
8939
9401
6929
51296
51593
51375
282991
196403
5888
23162
6602
51162
27229
3148
2934
51061
5315
221895
2034
7984
79663
39
55905
311
55040
55240
1453
79839
10750
27040
3008
6161
58506
1431
5437
9627
6632
383
8763
23438
23266
50944
5478
90273
57498
8091
10618
57189
2355
84707
6576
6772
221150
57459
472
10140
163126
8887
6919
729852
3839
6314
9521
506
5705
56886
128308
8362
80700
7468
4733
9459
54206
6207
8893
10254
6688
1788
55290
23039
3726
92736
7456
6189
8175
7332
8087
1659
29844
10445
147841
84643
222484
57449
373
6615
10188
9147
5327
84866
85409
7039
989
55324
7067
89797
84289
1964
10657
4690
498
192111
2237
2821
9425
3672
4794
2931
667
5611
80198
23255
9997
4215
90459
7884
85015
6294
9349
55871
7153
3275
6256
54939
54951
51013
23511
4302
1314
112724
3419
5052
170506
161742
23295
10615
284058
333929
4889
4926
55111
5473
51545
84060
916
150771
26298
2487
5536
2768
51744
84270
132320
64770
2107
283349
21
79866
5876
4291
9975
9414
51194
1643
7507
51552
6185
10109
115703
10783
11113
11073
30968
27238
64837
85363
55197
65990
10973
50937
51264
88
54984
8936
5782
396
6152
3735
23603
112268148
221937
9451
65056
143884
7168
10063
23186
55379
79718
59343
4627
56897
29761
1911
9328
112495
2771
5546
38
23043
10868
26133
3093
6048
56931
6158
9051
79753
64151
11252
23534
5690
5683
64145
581
115426
80321
25959
55421
126961
6477
6049
2042
805
8648
1525
159195
10951
4998
27115
200081
6432
90864
8099
8576
1312
6204
7251
90678
57805
10952
790
2010
3398
6647
2067
83878
54433
50628
10969
26122
375056
55311
86
8295
124801
5178
23410
219927
94005
84261
10213
5710
8467
9416
81844
259266
80764
51692
23288
6125
254427
51548
120071
11041
25956
7543
55166
7317
1182
3965
25825
6293
140707
7164
3337
4893
10490
50809
4528
64963
11284
83858
8894
84186
5432
57117
84134
4905
3742
3699
57708
57534
3659
8892
5906
8794
6191
9911
10138
63035
23085
3551
93627
9314
3603
2197
54765
5090
9935
8402
57787
139716
205428
2959
79091
3047
55742
57798
23335
23312
1191
84516
54785
81611
55740
5603
5873
94120
51561
9908
55300
10534
64853
10412
3489
2872
8861
71
3092
5195
5915
1457
63932
541468
65080
5297
84790
5156
23649
9706
29068
65059
8971
55699
29927
2962
7268
5579
9610
10614
57639
57506
79058
54919
118881
3661
9256
29123
10466
91949
23770
57673
10058
10336
8500
23271
6235
55062
2926
25936
2308
939
2737
55269
6135
1487
5361
140890
2017
51115
134285
11194
51082
7328
91039
651
2898
55114
23164
154
7263
23367
147872
728642
11051
6280
221
23780
574406
10487
191
55715
2956
3364
3937
2533
9368
8915
84733
55177
57169
5336
29078
51079
54931
2730
79084
8932
51100
2660
29888
7919
64960
6794
9648
85439
55183
538
23787
3084
7430
6383
411
55061
57192
6886
5727
55216
673
6708
7398
11098
6124
3182
9101
2948
3059
4779
1912
4760
3007
10130
9781
10902
5519
2963
4772
55729
51603
22974
84131
5984
11196
2770
55133
84132
7128
11264
54936
1278
27246
55819
1793
391
740
9702
23005
55578
6881
8125
79869
9373
3840
9589
222255
9040
6210
6737
55142
27248
4487
60491
10584
427
259
8503
65264
1738
6777
144108
4287
7205
9266
79673
284403
22913
85403
4300
84661
165324
10084
4205
815
2539
94134
79607
7114
7409
5295
222584
3156
3921
79724
57634
6193
81603
84656
5578
6192
10189
7465
64761
2066
6141
79791
7841
9555
23673
7798
54926
54461
7799
1676
387680
221613
896
292
64802
238
51027
7390
8664
126626
2495
23582
8481
5347
83931
5481
3892
4154
9972
56006
135293
80013
22828
9150
10001
54480
55850
8666
10928
8208
64783
1973
8190
5985
10616
23344
90826
7158
8881
89890
26973
824
9361
10957
28977
221037
23304
200845
54623
3161
7046
79867
79583
84908
275
55116
3597
8407
6558
6722
8678
84305
8315
126402
125488
83855
4678
6230
1345
84106
29086
5160
6497
489
285242
257397
54820
7265
5538
5162
9902
79728
56829
6194
5965
7041
8241
132660
7272
10579
56256
2323
7520
3021
64951
7913
900
26037
5094
57159
79020
293
22890
4055
55274
9786
140885
6468
10712
7169
2109
29108
3712
10645
57380
64805
4673
3040
9337
8767
4212
8214
5701
4217
7515
55809
91748
11034
6596
9694
1488
5916
5317
51726
2130
10653
8813
27034
657
64839
65986
26190
64343
8808
8085
92799
56121
6747
6429
605
54904
662
8531
2053
65095
5129
339366
2512
6942
10262
1022
10147
23239
9928
87
64101
7155
10451
57470
8658
8717
10913
147339
27075
826
2783
10612
23157
55752
11186
3397
1653
90624
10159
9738
808
80185
10726
23759
79670
5099
220965
8533
160364
84893
5709
22850
5580
57546
3046
60561
5034
57519
55692
11129
5216
9412
54828
695
78995
8661
1211
4683
7518
140685
57532
157769
7586
7579
79109
27339
8204
23329
4602
10456
5868
83734
84962
65265
84364
93974
6385
11193
22918
1762
51263
1952
202051
7528
6431
9533
6793
58509
10379
8487
483
9415
116028
80010
140710
55086
202
4731
25791
125950
84254
29093
10573
9486
163486
753
79682
150472
5587
23155
7165
8623
6303
10629
6612
4722
607
5898
23032
6272
80746
8357
5516
10293
9444
9857
3069
11035
65220
79712
3667
26259
23597
339229
23729
26286
91947
7110
10728
5045
55690
9209
56957
4074
26088
6218
5230
128866
9342
51693
5825
1315
51441
6452
5214
7290
80273
10146
27156
9670
788
5127
27349
26284
4704
4723
8050
4140
9134
6136
9392
51107
55851
774
23063
3512
102723728
8455
22803
1277
1666
9652
51807
64431
7109
64708
54386
7846
4082
9166
57617
1660
26036
9126
163
7813
4294
334
55066
3104
26135
5566
8976
3123
78992
332
2150
92935
79641
8356
55738
51715
79036
23265
23491
4601
57606
9402
6878
10062
286204
874
54107
604
200576
84321
440275
375
90507
4069
5939
23613
11072
5431
23126
27350
7337
23741
1967
81607
58496
8349
9815
9853
3978
64981
6917
3586
1909
10181
283431
6009
5147
23523
8520
403
3679
51608
25855
56052
26128
891
91801
83590
596
6877
6128
4331
7681
1786
5966
22984
11183
995
114
8613
5268
7187
54106
3798
4038
55022
22916
4750
59348
81669
5042
3009
56935
10978
283229
5921
80176
79944
5655
6015
10923
55229
145389
55666
55365
400793
5610
9410
10421
10401
687
55125
92597
4194
9894
23111
23049
222643
51069
51253
6446
9321
2717
54726
8480
7690
151011
126375
27245
79840
9846
4289
4354
6728
26528
64284
5932
10771
83640
5557
23216
16
84078
5298
10045
55299
9360
90861
196527
114034
2260
8795
51529
10438
55904
25989
11316
22820
54930
115106
3020
5494
8239
26153
10211
57175
29979
5480
80223
113263
54902
65109
10144
8364
29922
64175
79659
83541
638
7163
23560
84619
8379
23097
223
28992
64283
55553
9320
100287932
23
548593
64928
967
3688
5532
91452
51322
11065
23532
7572
2339
8073
54602
4891
5423
6996
163033
5238
2631
140739
123879
1326
9197
22985
111089941
23137
286077
81887
221786
155435
1606
3015
9093
2965
79696
8343
3843
6945
57674
5902
23399
9441
10468
1997
6659
8192
9351
1069
151050
55929
55361
5608
51327
165055
80184
59269
1965
8653
63978
2923
80762
10933
9559
509
22920
9632
10432
51225
60496
130617
9261
286826
9748
3784
5600
26509
6642
2149
27037
3691
5576
23594
124565
55012
1495
51633
9175
51386
5883
50852
8115
1508
23450
51649
7014
7052
84461
9897
340277
6643
30827
5201
56946
1649
5832
85236
65117
55653
1384
10762
1975
83606
5165
3476
23499
116328
140460
10817
9306
6091
348995
3684
5698
27287
22934
79589
11074
22880
55250
5550
55276
11218
2171
23369
92400
6891
393
5567
5976
9921
89796
23493
2976
10992
1445
55163
151188
3013
116841
5663
832
23119
100505585
26578
1512
4076
23645
26003
9699
81846
3945
79090
55702
3656
55837
7019
4306
7422
3306
83743
387521
51635
3155
9391
78989
8335
9813
84033
57553
5236
2268
823
64098
80755
55174
9557
126075
55750
28998
5694
9810
80301
6183
54737
1500
11231
1439
4841
353322
65268
7182
23394
7343
55181
51121
5552
90780
221092
829
23608
65005
64976
54940
5784
4605
4486
7095
9238
114569
1933
91647
7979
89910
124540
79594
79576
7286
7791
6240
2553
2551
10884
7133
6169
10163
131566
10509
64978
23313
4084
157638
9804
329
9114
2589
23244
7107
356
5272
5136
9658
4048
57461
25828
10270
4714
84263
6654
57669
10589
1102
10437
285440
22862
4807
51388
80014
5720
359948
1155
6301
11221
9265
29760
58477
9577
4929
6154
145173
54995
171568
56342
10625
7879
84303
22794
79171
80349
9343
9734
9478
5706
5695
7625
7384
135644
6522
2697
2068
55589
10054
7408
4594
134266
27250
57326
84271
9367
10006
54958
54873
113115
55147
10489
55291
55284
79443
80323
29997
9325
2289
80012
54531
79711
1203
51808
84875
29781
10651
515
28976
5292
51400
1978
9839
57684
2677
10954
63920
9779
3635
147700
9623
60312
92609
2896
84233
4211
51147
55035
219654
6430
9784
54507
55930
55128
56922
23464
4862
23046
5715
5631
84955
55728
283537
9021
333932
723790
2672
6426
22878
1969
1942
3984
4361
6742
128312
25906
25847
6237
51247
6745
5692
8906
8317
29970
199692
22900
6206
6910
51341
10253
9739
10914
55503
23142
55840
8874
9252
10226
128710
10073
9061
10459
10040
23322
1020
9158
6143
25940
11160
90102
6195
64066
57580
79891
3985
4440
320
1317
64428
64793
56888
10935
1070
2059
131601
27429
134359
26292
3491
10656
54205
51122
6934
9647
115196
23339
94104
51319
10286
4775
26512
151636
64801
20
84079
60343
10541
10603
7551
28987
10059
6455
152877
55432
79734
51755
22885
93323
467
4097
54764
26610
51268
6510
55037
4913
5079
3431
6625
5496
65110
79004
4255
1514
1515
83719
7385
51676
4661
3790
145508
57703
261726
55863
10602
3455
5523
990
6499
60673
84458
28990
83871
145553
10207
9213
51734
4582
3344
8347
440689
6730
5981
3039
55612
2954
54855
7705
2081
8340
84295
9185
79649
129807
5777
340205
5033
100528062
64777
51433
22800
6297
898
23263
873
55288
5934
7027
9595
84124
84307
57381
728689
347734
83992
25820
56288
9901
140691
9682
8554
5770
9184
23420
10291
5226
26999
1936
8273
55278
92
94
23047
10274
51076
25929
84081
8773
79735
2049
23348
339287
9667
7726
284001
9324
10847
131578
6133
57215
3646
10397
23179
3265
14
5792
1436
23609
2181
2733
54893
4363
50814
6181
79843
54906
6670
51002
80344
55109
84296
5880
9878
64760
25822
79759
79159
663
51138
8260
1104
23530
25934
578
84324
7750
64216
26147
54870
1843
11152
9753
101928160
5805
10544
23414
51667
9688
11127
60626
7334
7918
10801
84988
11054
404672
128178
8829
8394
2802
6299
79980
90427
2494
55210
79016
8816
64927
64426
4001
64241
9099
90933
64798
57600
201163
124995
84572
9727
57111
4724
5689
2242
55859
2332
78991
4236
10409
11235
10025
54973
9868
554
114897
51586
1479
119
51300
25962
4739
4830
8890
51727
6282
9726
23225
10260
127733
8625
728358
9743
3295
3663
6609
440138
28989
57185
29982
84775
84886
51491
4616
5427
51185
10367
29028
5660
80153
132789
835
253769
10514
3150
9898
2669
10539
80305
4831
79983
9203
23630
5977
51575
2288
586
9380
4160
56246
144811
1981
55096
23071
6092
54487
85377
1947
3163
4833
24149
493
56984
9787
26985
56905
6883
91368
7184
8985
51056
114781
2762
9046
5082
57591
22795
3339
27332
8721
440574
10019
54899
307
6610
4783
9520
267004
56925
23368
4150
5982
122953
3162
5106
27335
54859
253782
140901
55829
1781
83658
1743
9685
23174
23564
11078
64864
1906
55131
8886
387921
51451
92715
6767
285753
2252
5583
200879
10626
11342
7486
23786
79089
522
2629
11340
5394
10085
10654
5529
921
84659
6156
929
3980
64395
122786
80262
6890
6811
837
116840
56943
8888
8600
90411
34
29101
92105
8078
51260
9570
7074
6653
79834
3418
113174
6693
4643
3689
8897
51639
29074
55718
55768
4795
8574
51747
92259
116228
10972
221504
8030
60686
91608
5612
132720
80347
10773
27303
9945
8792
54941
55152
63892
6932
2139
2781
8776
9663
5425
64062
6484
272
84717
64131
2747
29904
55969
147687
760
7936
85014
51517
2889
3592
84146
55139
55303
54910
8991
57171
23256
54863
55920
81542
64965
146206
51324
79837
23163
79624
10069
80006
8449
6710
85021
4680
5339
55737
11222
60488
23048
8323
955
5447
114883
23139
81892
23035
10007
57715
65018
57823
64786
3034
2204
66004
54884
11135
11213
51135
26275
55168
55188
5467
9467
339487
7086
8344
80213
340359
91603
29109
51365
389840
115939
64083
1511
341640
2037
440603
8527
5445
4615
55869
29855
63826
1861
151903
5434
9675
10981
4642
2224
25824
27240
84061
8660
4124
79643
389677
9718
308
5899
23247
84273
55854
5358
55833
6259
7402
10577
118924
10283
23193
54014
23495
55763
7707
9019
57091
27
9826
4617
11165
7469
2287
1509
55340
22844
2960
9669
51520
27348
23051
26521
80864
26524
55327
8338
643853
83594
25909
6888
3845
10452
752
10758
3094
27292
8615
3035
115557
9665
87178
65094
55119
79861
55004
10533
57205
51706
131965
7727
51466
80342
7552
9352
282809
585
10256
4907
6184
57184
994
51188
81789
5144
7423
7805
9276
1891
3665
3566
6778
9246
684
57587
64423
340419
8801
84206
725
6651
146223
56895
221830
1106
1725
27309
51329
2021
64924
79608
8434
54776
84991
3206
57002
114789
26505
23376
116931
284677
91582
79026
29935
83692
5605
4665
5058
92181
9842
125476
5699
284114
10673
54512
79027
51691
23269
26119
7374
4920
4123
9990
28951
100379661
1048
84300
10294
8863
8864
8332
84310
55156
56181
375686
2673
8880
6655
57109
813
1053
283489
347735
358
138199
843
5685
55506
6892
10929
26043
4200
9905
3927
10667
201475
79085
283635
56983
81556
9015
11083
1857
57539
55764
253512
5730
144402
135892
3070
51465
4702
64746
51116
22937
79832
10330
5891
1124
55536
54361
54875
4782
10922
3895
57594
23318
9933
197131
79705
8195
55684
53918
8672
54541
23762
51599
1139
254428
6820
23753
6382
51239
23192
23303
473
51317
54998
84920
8526
6209
10200
6773
284459
7403
56912
200894
400506
129303
5753
9825
54758
26515
26519
152503
3012
221184
2957
79228
344558
10096
51073
9135
4144
10695
57190
10362
283248
60592
9637
56341
26097
11329
83879
8436
27128
57819
65983
57608
23152
23029
55696
51024
55007
128989
9295
27018
5763
6203
6835
6489
79754
23094
7566
130502
847
4860
51074
10664
23350
23307
7064
79776
201627
115548
10781
10020
23352
6251
23002
9525
84936
157285
197257
28958
80256
1375
204
283237
613
51622
143570
92922
221443
78988
29968
57325
50808
200205
2152
5872
27102
10558
90550
79080
54521
5289
5911
8027
22872
22839
22941
79102
55607
83930
23480
55622
11104
4488
79075
919
2643
84317
56478
10212
114799
116115
6782
11157
55512
54749
8609
9382
8820
5352
23012
8270
6874
11267
11000
90441
399664
55346
100128966
5979
26061
116225
9792
7443
134553
27342
57551
567
1677
3233
51206
389541
5524
57707
441250
92344
51272
200424
6672
6402
51642
317
23555
163183
5927
26235
1047
85444
55017
4152
117
118812
10295
2247
91526
9442
84864
10723
54882
5786
55671
9112
80007
26136
660
55353
7905
100423062
1662
5174
55781
79660
2206
144097
3925
55638
6159
930
203054
9124
51132
3662
55425
54462
5533
23387
25937
27300
64601
64759
49856
4041
8325
10427
5609
7786
79767
375790
54932
10240
2264
56882
51495
6242
81567
2705
9172
25804
55143
284297
3660
22821
51367
51455
5429
5479
23224
1477
64223
9937
4796
161
27257
57690
7253
114049
3560
5998
9889
8519
54929
8220
100874369
6416
94274
92255
92610
64949
4698
252983
10564
1808
10570
57096
54927
64359
4009
7089
8351
80818
55207
88455
4637
23168
123169
6433
80760
29984
119504
29907
9692
6390
22908
51112
79842
2624
27122
10641
84330
55173
144501
81617
405
80308
91662
3930
79695
931
9968
84749
9794
6277
285527
51124
11319
51077
10464
23426
9491
9516
79725
4522
3117
5442
84319
9563
90161
128869
65083
9333
79714
9133
51096
160851
51011
2212
5438
7167
5713
6505
10550
5589
6236
1615
2205
57132
1734
9540
8079
26589
1749
64651
653489
23509
11285
9943
2050
6095
51478
1841
147923
208
4521
2073
6227
7216
4296
23586
3739
5017
54732
55824
10857
4512
25915
56927
9267
91746
138151
29952
5884
537
50804
54532
3029
8836
3226
57465
9208
3248
25948
8723
255426
1787
125058
7220
116541
5098
89941
80381
6493
80830
5867
5757
25978
81570
738
7745
10252
8780
400
6845
151987
3696
2639
1996
90135
79752
83468
539
55015
23654
10365
825
51371
57505
64844
283899
5303
9837
153241
3988
64425
8321
95681
6286
50717
7043
23646
23580
54059
25926
57794
5211
196074
51657
9413
80023
11187
55234
29115
7593
51
2647
4753
57463
23479
286053
54865
8644
55861
3177
10307
5170
149041
84844
54453
64789
2244
150274
169981
10005
7871
64397
9789
57176
2982
85457
7812
10613
283078
57670
25897
79796
23644
5993
5321
10526
4245
5049
23294
10849
64792
7770
157657
6239
64127
57492
9816
1968
11107
64975
25930
25865
6624
285190
26024
27071
55748
7433
146439
10024
10531
948
9514
55766
23589
22884
143888
10939
84674
342945
414919
1958
9546
55006
58484
51203
5428
11232
8358
9054
65977
154807
54780
197370
11016
5073
6196
9205
51274
26017
28956
26098
9687
2997
51285
90637
26167
439
64207
9695
55132
25904
6810
5305
266812
3842
56913
10611
27243
23293
115123
30835
822
10190
122416
4620
84946
1763
8464
222194
54145
51101
9644
5087
79868
28986
3033
4735
11117
3977
3976
5307
55720
64762
29126
11333
8933
3267
22894
6037
89891
84942
4534
346157
6631
79879
5291
5134
57161
9235
29899
11273
52
51460
80777
9863
7099
10449
51569
26225
2736
10314
55137
634
1979
10113
3619
9672
65993
833
8744
959
56992
83638
10620
55337
84930
79650
80311
5819
29104
79811
23053
5527
222008
5476
3098
5089
54033
54913
81831
25801
113179
8313
388813
4012
55629
10537
1003
26271
150678
83475
26157
10410
1466
92815
113201
10955
661
404093
3142
5130
11309
6263
23133
124944
64969
55135
84245
79622
27430
26227
1813
8346
119559
83856
2975
79863
64897
201626
55795
1465
23423
55683
51659
1054
51605
10360
2803
8935
22980
4046
6403
63939
23176
140459
26093
23607
54949
10225
201161
7270
29940
54901
3018
727851
79158
9926
10238
23474
9690
286
54918
11010
79169
10101
55676
246330
2043
4043
55218
55758
10312
357
23683
57464
90417
22826
6695
5806
5606
51014
23328
55341
4253
146956
84284
138474
11146
7171
29103
84265
11212
51199
1810
64110
79706
51202
5164
9039
29925
55253
126299
5326
8514
26290
6103
51291
55759
81037
10775
79441
9255
5306
93986
116113
81786
27241
6279
4059
374882
51164
58189
340156
26191
6769
55847
80817
79745
5495
9464
84313
57489
29087
8491
57222
22899
2683
55695
55209
26127
283578
79990
55295
79073
284273
55219
92140
84287
84872
129285
55074
5338
63915
9653
22875
10463
3118
9182
3636
9397
55024
23623
5627
152185
28962
646817
10478
1641
54431
9462
85456
9989
30001
2897
23095
246184
10565
3703
57650
79807
54680
55531
80155
8844
19
23515
81550
9683
9578
117584
10475
92906
80232
5125
79142
55604
54810
116092
90701
3954
5313
100874074
2827
91369
6838
10011
51103
8345
4967
2029
64782
79902
55033
93649
57614
729440
1441
1362
9891
4040
57128
23276
2719
397
114885
8997
54677
4850
127829
57704
57573
1464
23347
55233
27179
1075
25800
10491
8456
151648
7077
7078
10560
259173
9604
120
57136
7404
114991
387882
64377
79934
83591
11276
92092
255758
972
64399
6469
11021
79797
80004
842
54583
8555
57107
51142
8425
55858
23131
10672
64135
2322
63982
4017
51181
1829
79086
9950
11069
89927
8993
11188
56655
81030
755
130507
123283
93594
157773
255022
10156
51571
55172
54414
55082
54504
348110
79581
490
2176
942
220972
27143
80824
9479
26145
79654
6787
146691
51171
7975
7174
140461
23210
23331
51735
7001
51526
8867
9625
984
84914
122769
5364
51760
9086
83478
51347
28982
57659
7779
8131
10670
23708
7629
2990
110354863
3727
57572
51379
11184
54816
4677
8348
3833
440193
5439
4122
7702
54476
80317
197322
9778
126003
6591
51380
29062
23253
9353
7775
2752
6234
283742
10000
6731
22897
115098
23567
2983
8545
4835
134353
8550
6674
4713
27330
2235
10652
91782
10892
9840
91543
9170
5194
905
3601
65260
54894
54344
284611
137964
27086
55501
3122
23637
100302652
55336
23215
883
2263
9524
3486
85007
11336
1178
91694
5866
54518
51422
55016
5074
23424
80143
84133
240
10999
28957
81559
2870
10644
1950
54888
57761
90488
8995
8784
9712
9585
253827
23301
401647
2122
6347
102157402
9628
6000
148423
27236
51182
84256
203259
3071
321
8330
1827
2820
23536
55793
23587
128061
60401
3909
2039
471
1848
83637
6943
10008
30811
10465
22929
81576
6096
25879
7057
950
8741
8318
7108
96459
5540
55664
23078
84668
440
6470
162963
5831
4139
9847
171017
2119
57407
252884
57447
195827
51501
521
55454
55094
3752
6814
8740
593
57559
222068
55080
55028
144233
23212
1892
143
2444
85476
54801
83660
23569
10347
26092
53938
5778
161882
10092
212
4710
51278
10435
1269
23671
60678
81788
23704
4924
127281
6833
56851
114790
653604
54962
64785
22993
2045
79414
11101
54946
360023
56605
974
57649
9907
602
164091
51496
8775
759
399909
54566
25950
8518
80173
5874
9509
22863
8677
5528
168544
23213
55217
7678
4647
55561
6792
51128
3202
219743
962
90317
55118
10982
5179
53339
163882
55813
23595
8288
10039
5797
115704
124152
10135
57486
29967
79180
10396
55363
8334
115416
8869
92399
163859
54878
6988
7326
11097
11162
29071
84294
5213
9541
5452
114793
55624
23670
55577
388969
57616
5696
649
7568
285195
3576
4485
105
839
55732
23259
10807
51186
54101
25766
89781
3257
22877
54809
55198
23108
140612
137492
57620
6786
91304
11138
27077
2787
51226
4801
9927
54977
222950
4756
55191
84196
27158
26586
26012
4598
23568
6337
8303
2584
121227
79037
2671
3704
57568
26018
831
114803
10767
5345
4033
5424
5355
80025
51031
60682
3052
64784
7296
11132
152926
9811
80017
147040
1117
80233
253725
10927
126326
64780
51429
8689
93233
64854
55825
57613
84978
2243
23240
10782
60528
6389
119391
4695
54883
3300
64219
256356
81579
22915
85415
55238
1181
8711
654483
81794
83448
60313
28973
8732
51172
5650
729857
29775
10290
9232
55466
91612
84335
57685
159
3778
7692
5791
79585
93129
147807
23548
133746
6425
3099
9278
9741
1462
6503
26115
4849
3488
56005
374659
22930
9703
64778
158471
155368
84080
139341
54862
11261
159091
29843
8970
79415
3998
286256
644
6451
25888
3957
9553
144132
54465
123016
7178
23383
9296
26278
7351
54969
57721
56339
85459
80210
84938
6342
7016
3227
8833
1998
30851
9310
156
23059
497661
28960
51752
80230
51759
51231
100532736
29969
64757
91624
6168
65258
84069
5190
23677
5780
63916
6231
64061
54948
414236
10023
81034
51614
651746
9677
56884
26071
517
53373
81553
4644
23008
5176
23616
54900
3145
148327
11001
124245
8140
10943
169714
5121
54700
692312
540
25816
3017
2764
2760
3714
116143
56906
54621
58486
4810
2710
64756
27175
6897
91522
146909
10495
55352
3759
55182
9375
51763
7570
945
51560
51531
57455
196383
63935
23130
973
493856
80312
127002
55751
56911
6574
10402
376267
4034
5636
51454
8227
55707
112574
26508
1200
323
23545
150275
54552
5549
8341
23370
57701
5504
114822
5734
51081
10962
4952
2207
8331
112609
23325
29998
51129
79571
7025
5048
8490
23196
51093
63971
64764
128553
2675
10548
10507
23641
55787
254773
2651
10447
26034
84280
2241
51310
221656
50484
7737
90580
10988
9332
23317
8209
3048
54704
4337
57050
115201
1635
1633
55620
55954
83990
55841
54502
9798
115817
10827
4927
4781
23158
105372824
23065
83716
9616
9512
9758
23353
5593
55573
221960
7305
100049587
55669
54812
9755
90990
10479
4357
1806
4636
6238
83667
146722
81627
57647
11178
130162
23127
22936
4943
65992
3625
6560
9493
51399
10905
55325
51809
78987
66008
7544
55687
8821
440093
23505
64429
51134
401541
55322
1901
11214
10420
116362
7347
3775
23412
26577
59307
200933
55703
83443
9684
2286
5155
23556
57099
146
8329
119710
23177
64771
64745
26230
131583
55214
148266
2098
6671
158747
203228
55924
83861
51334
57645
283643
7485
29803
125988
79720
55667
2739
221927
6683
55026
55733
51196
4938
390
9973
201134
10600
11177
23190
221044
1737
9886
57476
24139
84259
285598
90355
55187
8567
10443
150094
79932
5018
3841
79002
2712
9830
9833
22911
56267
207063
79442
85395
8086
1241
92335
57554
79066
100101267
3002
6608
678
11017
92667
79872
85378
51646
100527964
4649
8034
4168
129049
54974
205
89970
26750
6834
80331
2987
25941
25853
23040
5740
91687
4147
23598
2048
142940
23378
28969
51157
90203
11064
116442
175
57003
9985
6399
114876
84219
1983
27090
79858
25979
8336
23621
57038
221078
51690
25805
10440
5900
8914
64072
79465
29951
84937
6909
51131
6339
23395
754
51244
112812
23172
123355
144100
7763
132158
23516
116987
57179
51634
83874
23038
8853
4057
8416
26032
57658
2590
7718
10865
91607
23506
256586
64710
4249
8883
89958
84448
3632
27293
51504
23203
4726
389203
221935
653583
101
2632
55049
1456
115650
3151
51021
1062
90993
51088
57211
8395
138429
79719
1238
6358
55084
221496
197320
7862
23765
2937
55677
51699
158358
64744
83732
968
57511
79400
10903
8411
25984
22902
4693
3709
162494
9572
9542
10072
59338
64599
22822
3757
84189
51447
1032
79780
129804
85365
168451
9139
6887
83548
79744
339745
29094
64147
65266
283385
114327
3683
6992
84954
1889
199746
23522
340719
8165
23596
9091
5277
7348
93624
4580
94121
143279
7556
25829
84869
79977
10961
115294
55907
4696
54676
64838
7301
2581
57456
81533
1992
9581
64332
7873
3600
114882
4145
55120
8438
387856
9569
55621
147991
55870
79648
83986
51493
80205
5592
80345
375341
3338
23036
151195
60468
257364
4915
4908
8882
8509
2811
2121
64114
309
6905
10870
53831
94240
9034
7380
170384
89882
50650
134510
203547
254065
84251
51248
340348
1820
22882
9277
9562
55374
3764
4338
84524
7494
37
8969
2517
79730
22865
57542
57592
23592
9896
10810
8731
7746
5027
6093
54795
285203
3108
152579
114908
54210
54920
28984
54505
57700
23533
80097
114791
161247
80775
23102
84934
63934
139285
51018
9917
11258
11238
5362
121642
55157
8703
653784
9026
284695
23503
84896
7542
6100
79029
9244
90007
80063
55843
9445
80895
27022
9640
115560
55435
55175
84881
388115
494470
2936
8643
8498
56929
1731
27304
2277
51385
25927
10794
55568
22843
29090
339448
79621
402
55013
63917
6594
79642
2054
25852
84083
55633
10959
219
249
10555
57186
836
3127
92002
29098
79183
91442
53343
63979
84705
11044
23230
84311
3460
410
2588
221079
83539
54332
122553
285672
79993
10287
9895
84629
9398
440087
54851
5168
51042
5283
8682
1723
27113
79958
10780
374354
5923
6397
55773
121053
56479
51118
79896
3936
285605
645
100
10311
55326
7450
66005
3559
8369
79633
9887
115
285367
1611
84951
5788
7769
57560
64866
23042
64407
51170
6341
56654
10469
84159
4267
64236
55846
3454
7145
55876
1186
80829
26160
57217
91010
27109
1296
7837
901
25809
55296
9377
283212
84193
55608
8612
168850
84232
3903
56270
29915
4481
7851
150209
161003
7922
5008
84267
688
79763
25921
30815
7762
58513
219333
91875
57583
388650
196513
10196
81671
7029
283373
11092
23305
1522
23373
3674
286343
8019
923
55746
64005
4881
689
79573
9079
3574
5509
2774
157313
1939
54790
133619
2530
8706
2694
3563
10908
56995
26005
8872
84811
57496
5253
79078
79019
8974
4883
4880
85463
3363
79709
197407
23149
22881
1306
11282
27032
5004
55266
127544
55005
84340
8879
225
54149
2734
2193
129880
10066
1604
8559
401447
219988
196385
57118
54928
23052
9110
166824
2826
10044
29070
56262
22904
27042
10960
1603
8556
50632
130940
9144
7458
79887
3421
6729
2729
97
57643
200014
113026
6675
10050
84299
60370
25949
84912
154075
83985
166785
915
84138
55614
917
80224
126789
7436
10231
54997
55297
219699
201798
23072
51651
25813
25902
55330
3174
5328
4916
259282
84337
112970
127428
1327
3213
54469
2145
5264
2157
7477
25996
767558
283455
64743
79671
64374
9399
9736
10380
10806
51477
25778
139324
140775
2004
51661
90987
23214
399
81577
6738
55031
1138
55917
51125
221154
10678
51271
23635
112
27306
790955
79694
347240
201562
90865
23261
2621
54495
7461
57480
51611
84441
113251
1802
91319
10272
8859
146050
84376
2838
23760
23082
54496
10661
54539
58488
116447
6668
83460
6404
50640
1353
10424
404734
26205
197258
79048
10493
64900
199870
79943
221711
387032
7166
285172
23299
284697
2214
84766
3214
29100
22883
1112
1774
11070
23341
7621
2595
55068
51163
23456
51218
6916
79692
258010
55280
55034
152137
2819
2653
51582
11189
55680
6036
29880
55656
30850
2271
79613
84836
2491
81605
116159
55909
84188
5330
11123
2582
391356
139322
148789
201931
79000
121457
79178
51596
286336
64215
55184
6388
4820
9871
391002
80127
1850
1268
2535
25917
9766
10457
146227
4925
54822
220213
254170
55256
29083
55691
306
22906
56963
55008
56987
84343
25841
81888
284069
23473
56649
84923
1233
5256
3779
51106
79637
160428
55320
1632
1316
317649
57337
9851
3916
29942
5019
55744
26297
79651
55071
23275
2627
124401
1545
115362
54503
7857
23527
91056
57001
9922
139065
57333
22864
7100
152273
55258
55778
130557
57575
284716
9258
29058
56978
54466
2822
56265
56850
134637
80199
79363
28954
51005
84986
10370
23011
54497
140469
1797
22978
27440
84318
54960
7748
253639
5570
7855
65979
2041
55486
58157
79135
254887
5203
1490
579
201292
25851
4552
123811
80222
445571
85413
729991
57696
84870
252839
162394
3695
64968
256643
51200
55101
375775
54432
54961
51528
79661
50810
6678
987
1945
9064
10090
113178
9123
203522
26140
79098
23138
111240474
118426
2876
81566
8659
10848
3631
2840
91653
128637
7767
3475
26507
4314
1174
114294
10591
57609
130872
84274
24145
23057
5464
152007
4712
8745
9797
79845
4285
83596
1510
58499
6003
54665
53832
22852
221477
283989
2572
56954
83549
11322
9122
9639
8483
1140
1890
56243
79068
57536
57515
93343
4585
392465
51236
554235
55544
24142
10201
84888
5184
1263
90204
216
10717
9689
57677
23070
57547
57605
10158
388569
23576
84898
400073
27230
8013
706
54978
79691
8675
64925
84885
5007
57479
7504
8092
57482
81502
158399
127602
494143
10587
113612
57478
3420
55727
26469
126133
25963
729540
231
100289678
343472
8972
84449
6650
1719
57493
55973
54858
1293
388962
3934
84301
54839
5881
219931
6487
199920
9855
114800
658
11266
10428
64221
10384
51012
79174
57095
54861
22853
171425
56122
113
79856
167465
51251
346171
51201
84329
64224
51409
56062
6518
1088
8690
8800
57162
8645
54952
6307
199777
9771
116138
163259
54482
144577
64901
4254
55777
85379
8834
117608
113444
90324
91461
98
55144
90025
64427
149603
57453
256471
7574
10335
79634
100505555
6689
6553
28974
23500
23658
5613
143689
160760
25901
55329
147138
6387
6001
51257
92370
57181
84803
84958
23129
153396
10244
222235
126669
431705
79064
27000
255252
22856
3385
29886
100101467
11031
115861
94122
154007
54857
122704
1854
925
2070
2592
10553
64386
57168
25796
23417
8322
339231
23593
7743
7553
11079
9423
374946
157922
79175
9605
2794
6903
1365
7122
7035
971
2208
79798
51629
122809
25893
131118
51123
8846
7554
80352
284992
83451
56941
128674
6016
133957
53349
54834
90809
3700
51330
51119
54510
239
1292
84614
167826
94031
55745
84947
10725
9655
55902
129138
51373
57648
8435
79690
23151
25837
9831
8572
206358
10948
126231
1609
7760
9535
84240
2674
4976
2741
10251
54986
6171
51364
375743
51816
3628
83857
57105
83452
79031
65982
7712
255919
2686
64288
55224
80216
5078
80856
8427
51111
56681
79998
25961
3569
81875
283208
57799
79056
125170
55103
89848
10391
340371
23254
9913
441478
346689
3664
8635
221545
51284
29959
57404
11022
60490
57713
924
342667
79192
54555
83694
84542
1371
80271
90019
7694
2941
1657
197335
400818
25914
284352
22921
652
3606
339122
54798
201255
23096
4752
79870
941
50
5450
4600
10497
51230
1795
8638
51337
9735
2178
51523
51092
2745
346606
392
25973
10139
2879
81563
55332
160418
617
219402
26099
51389
2219
23529
79083
84100
23167
5596
5924
643836
23678
8705
105377067
140606
126208
57664
56951
2622
9619
64800
221264
8912
169841
9760
83752
253635
642273
54853
84924
5999
22
10867
51114
337879
3354
2706
89801
10137
55784
29085
27065
9860
283871
9807
80303
6515
9941
147015
100506736
80139
94107
26022
8760
1318
25759
124930
55628
64582
139212
57556
10302
84302
23463
92211
50862
163702
80114
7162
51304
10245
55769
10076
254251
3479
255394
5742
80000
158427
123036
121512
26520
100037417
84858
115004
8807
9812
2619
55179
1953
84553
22903
85453
10157
90736
5768
1534
55848
6319
155038
222658
5790
55776
54807
339318
10800
84465
56889
84696
11112
51710
342926
116496
683
6041
7596
1645
57569
84071
80142
84266
51312
91942
9130
51303
952
100861412
84899
286205
57157
84681
150709
11145
55529
84331
3633
978
348094
123263
374
55323
85406
286257
84065
80206
60559
4129
55244
29985
51022
91074
8505
3224
25987
79053
54947
9069
79018
23471
5196
341359
23355
343099
132884
200523
57102
124359
5269
9204
219736
6902
55002
7633
7567
84451
55601
126298
113763
91151
56163
90321
114659
9728
80243
2902
7355
8708
22847
6366
5005
401548
728
3751
54923
135154
10261
57231
9452
4694
23526
11118
10659
130340
10269
84680
375444
149013
27085
9721
115677
51378
132949
80208
5205
158135
1839
54516
10400
54103
7368
143098
221302
79674
81558
140609
56890
51174
84878
79639
51316
9537
64342
6376
339512
23550
203286
79982
56676
100526740
55180
342977
6832
3781
54963
23060
401190
55151
283234
4240
55312
220
125150
27286
55020
10308
2993
55856
23300
285313
79918
92822
8688
89122
51204
10799
23218
29923
91894
57577
4199
80110
10871
84253
389119
56063
57130
84541
118813
100885850
26503
4983
29960
8809
29080
57198
2560
26108
4325
166378
4953
91351
2645
123228
3001
387496
820
388325
127396
203197
79828
100272147
80267
285282
9858
55852
150365
89846
9765
56917
1004
7627
6571
344148
1120
84514
91133
116988
636
54993
55786
79600
7264
124583
84883
91807
79805
171586
55534
4821
169792
10087
8460
284086
203328
51246
6373
283337
113220
8896
2056
10235
25864
8398
89845
55319
1429
7978
91147
715
91433
140467
145483
127495
348013
92359
56255
56910
83989
90952
11219
4013
23761
10899
4520
2833
55654
55251
63901
10279
55670
85443
10631
55245
9744
79731
100131827
23306
27153
81025
51108
7177
1798
112611
84034
1991
58491
64856
64420
1537
157
63926
7699
169200
64411
9455
84417
26207
392490
57048
54985
113246
200030
1132
7716
23207
10371
23483
64089
85235
10350
79629
7752
6120
5858
84895
89857
2531
84873
55160
55591
1687
124808
55228
3955
122773
284323
1536
147184
280636
8459
10660
5348
64773
2254
90407
112817
10950
6248
3049
220042
157378
4828
10327
22869
27152
51015
91750
5029
160897
83648
9409
345778
84236
9880
23590
10462
9488
50487
1812
1489
90956
196883
254122
56907
60481
79647
2526
51237
30820
654364
57224
114784
55334
115209
84153
22801
1667
120425
100132406
1185
25821
4982
7592
4125
120114
9746
83937
29887
2117
115024
6697
4121
83442
5875
8871
56548
54841
285671
221687
57514
84316
83758
79949
9050
51728
55088
9731
3552
4939
57683
8802
57558
79974
54943
6302
27165
54991
734
134728
881
80070
84693
151313
133686
144608
113655
55051
79969
148014
55196
353274
11230
8501
54584
149840
6414
11253
220074
54896
932
81688
2258
11153
54890
84926
63877
79831
26020
80219
23660
80324
23075
22873
55966
254394
2702
953
100506144
64319
85360
57017
55112
166815
55359
114826
6586
30833
55108
199221
26048
2815
10732
375757
9654
22944
285596
55105
5197
376940
27154
64118
8510
23333
56892
121268
3938
4050
219285
79070
387923
51232
4968
9836
9552
241
23432
260293
282969
90362
148362
65243
4668
9364
1001
1009
51084
5188
439996
5271
79071
643
285315
10691
7915
23554
887
4353
203260
56947
785
386617
340273
85359
84230
55262
152098
2030
135398
1486
201176
196264
56980
143162
152100
65251
6863
29099
63977
977
55255
152485
8642
9022
814
10349
404203
727957
10563
84909
3087
10804
770
143872
51059
2538
7639
474344
91749
91392
23116
79582
84818
9450
4064
1350
3899
9881
93663
116064
54784
4248
282679
91775
90527
84520
83699
54545
148103
27106
57657
151473
957
414918
55248
349565
2110
956
7058
25976
23507
11240
55711
257160
222
84933
136306
285636
54845
339479
64430
55974
926
4330
9308
387640
286046
144406
116224
246
15
149076
51279
147657
83595
25974
27249
6051
55500
348654
25924
57722
57188
101060200
51411
976
89887
51117
11099
23252
200765
11163
10825
166929
57497
8320
1580
10578
3101
84628
102724307
54808
374928
154467
51004
84765
714
285498
50615
79676
143686
9487
25912
11343
51102
347862
84890
340706
117145
284434
222696
23229
8817
84286
23366
148113
55036
3083
6692
158038
8818
130399
79841
3352
26112
27079
26998
84570
29799
80724
125919
51805
51705
5826
63924
114804
181
115584
261729
10224
100529239
79366
80162
23262
25981
375033
9762
2878
90693
127343
79675
54832
88745
53942
79783
57213
160335
6725
10194
112942
170482
6398
399726
80315
2519
51110
81575
10581
29990
963
84272
1131
148137
284194
23659
150372
56674
116843
3579
79755
150468
51311
9159
9249
84190
30061
9749
8989
9289
23150
9489
9679
493911
7976
58986
5657
29965
56603
51155
81493
55760
131408
57452
58475
79800
64097
169693
8605
54537
1389
54454
56849
112487
113791
10242
2797
4016
7940
91012
4351
80209
84532
7634
144245
79413
150383
81562
340543
23767
126
23566
55239
290
9710
4682
3067
51360
126917
57045
51167
119032
3141
389799
353189
80763
105374836
84620
54558
4293
403341
122060
6283
400451
55192
84288
35
55357
7432
443
5444
53834
421
83943
2524
140564
202018
10588
345757
79758
152
590
8840
66002
23401
613037
149563
342184
6580
619279
64860
284
9843
23007
80704
124975
