1063
6840
284654
55366
257019
539
2908
6421
80279
3728
8604
23380
8841
10009
3857
5460
79833
79008
134957
415117
11335
5591
90025
51072
80144
286128
10765
8535
7756
6059
1434
7157
4851
51434
5881
10519
56262
1880
6950
10971
9782
27185
10127
79666
5931
5252
3832
6228
10273
9531
5894
3265
23633
4171
85440
7415
1869
8202
9601
3106
58517
8353
11133
55140
10523
322
54832
7266
8452
6201
6780
10527
81608
3981
63898
5500
3577
983
8539
3064
10987
3853
26468
84304
332
5501
6748
5108
10112
996
7531
5208
23028
8676
121441
203068
54815
8350
5905
10482
3964
961
55133
6119
1387
26039
8669
8667
39
4163
114548
1213
1454
26580
8409
4214
6137
1994
8496
10014
1665
10013
4914
10298
7529
64422
79155
8517
161436
3178
22827
5682
11047
9759
23411
6872
2353
57120
5970
55003
9045
1026
10399
54534
6182
4092
93
5869
2664
10075
1642
3796
23363
10097
1212
54972
3309
10681
25807
10618
1385
6721
2521
3190
51018
6813
55215
4793
81930
3276
7068
1021
1031
375
10239
51377
1825
4174
10492
51043
6667
81565
137209
64499
5980
6500
23512
5360
200895
10483
6850
7286
9910
6901
374378
7283
10694
6155
6134
8189
56916
5925
4597
1488
3146
64919
22879
64601
9774
51535
10594
54941
3716
28996
4204
5518
83987
79901
1627
672
1025
79132
3692
23178
164
84081
4641
5885
6222
1164
890
1655
207
55967
4701
8837
23451
1017
2317
6774
22861
838
10128
140458
5110
6199
10528
8342
3329
9025
11200
127829
7388
23400
4886
27336
51428
5829
2885
7329
3725
9202
6613
55183
3091
25942
51143
55148
8354
7514
94056
3171
7088
4436
55611
8036
22808
661
10623
10980
8148
57616
23281
7410
8651
11171
57409
5468
9657
54819
5093
8493
3014
9820
2108
51530
245973
4774
23170
51547
9678
84105
6626
22919
6249
3065
57621
7965
54069
988
10078
7372
1649
51082
51616
6884
6001
382
664
22907
3608
2806
6788
3336
8648
4306
4609
55771
29889
26986
4738
8498
682
5747
5728
54891
10856
7094
3184
29127
23166
23062
94081
55623
54517
79018
2668
2091
54865
65991
4763
25873
4869
331
9131
6875
2957
4298
79577
8453
5430
26270
7311
11043
147687
1856
2033
1859
83737
8650
79009
6895
4093
4089
904
5371
9540
60492
11345
3032
8888
5599
24137
9055
23193
7014
10951
84787
1436
6714
4731
4700
23435
6147
1717
26046
83933
9612
10048
4233
51602
23552
6794
9694
337867
5700
9097
10714
1108
10919
7411
163786
9338
22897
146057
11140
10036
7532
572
6281
10569
2801
5433
9646
9818
129401
2146
5469
4832
4522
6789
158
55154
79888
6711
324
5631
7314
10890
55004
51340
55837
51741
23466
8356
5034
3799
27352
80306
29978
10250
373156
1650
8668
2296
6299
701
10393
83759
5936
9043
1974
6599
56829
5597
23421
9217
56950
5128
54908
161582
10055
57562
2804
81
9564
162461
23399
7325
6175
5494
3093
51444
51222
25925
93643
3615
23469
6829
79882
3837
5954
399687
55193
79814
64795
5725
3958
6130
85403
79101
54148
84311
9777
81790
4776
23175
369
3326
6185
6897
9589
64210
54994
3115
51773
100288695
10061
6472
25920
51606
85451
2969
60493
92906
1639
3313
7082
3848
27125
4297
8726
55131
25885
5202
22983
10556
841
10210
55646
29882
5320
90410
26146
6117
2189
26043
5708
7528
7979
8243
113130
2746
997
22809
8363
8968
57504
5828
10733
1107
57510
23612
5714
10772
4942
160851
55605
203328
338324
1977
10989
93380
64087
4691
23076
4288
7316
57147
23710
79701
10082
468
10970
1789
5833
11120
665
801
1159
51527
5824
1915
3316
22938
79029
23386
57565
10474
54093
23549
9882
55116
3597
51652
27183
2023
22992
27043
330
56616
6418
8891
5025
8355
8294
55153
51067
26995
5424
10411
5903
56243
3281
79017
7257
7175
546
7112
54676
10437
2335
29789
4216
7391
10621
7917
51193
149628
8361
3187
57082
79003
2002
9314
57584
5711
5395
5933
23382
29068
55755
25
1982
5595
23632
2177
23020
9636
5859
7030
5707
55339
29896
54472
3556
55168
57693
4144
596
3646
9140
26258
55093
6015
4173
5001
9871
51729
84816
4191
2272
9902
9821
10916
3315
7381
9861
79886
11143
8766
54536
23524
6449
10952
79869
79571
65125
998
10540
6202
27161
10238
79657
11321
9611
6709
1912
1398
6385
5209
9113
6634
124936
84197
4172
5000
55170
10809
8367
10131
90362
892
112950
10458
200186
1796
84268
5709
63943
8607
113878
28988
1739
2977
4904
63893
10241
7916
26354
648
23468
8664
84445
2065
9031
56257
9092
27237
93487
5511
2634
57332
1937
3159
90957
2597
5520
8878
7534
4599
7284
51637
83461
10106
26036
80772
595
338785
23242
6118
9975
126526
80145
10915
4209
5929
23185
3428
7170
1147
8761
908
55844
79811
1656
653121
10460
84282
8065
1503
3996
9770
810
10419
4940
6622
3308
7203
51562
4176
54540
5116
51780
1663
124739
51422
84292
26121
9128
6747
114818
119391
7020
6233
50512
4927
55308
5564
55178
1408
4798
23345
7023
4193
8540
55054
65065
643641
1822
9688
6868
317
3188
26058
2261
3312
472
54953
10134
6657
128239
328
26511
1039
830
9968
1917
7706
25843
85369
8850
117143
4791
8352
57636
6929
653499
255967
1207
6637
55610
27333
6949
6741
267
5049
9342
3480
10111
23543
6311
5515
1612
57599
112858
55749
580
11130
58472
6144
5521
2800
9044
6164
5702
9219
84612
5036
9987
11059
6498
3030
6235
494115
2810
2887
57520
6217
9793
26015
10632
5681
162989
5887
26053
10432
23641
79618
65265
11328
100128966
554313
64326
2308
4005
10664
53335
79035
58493
5317
23513
25782
64848
8562
92106
54535
23636
2888
1613
6938
124790
7376
6257
23239
4706
107987373
2314
128866
226
23326
5830
8528
10376
55722
6427
55888
65057
126364
6924
7417
5245
29945
8697
9656
29920
10180
9875
6655
310
27101
10498
54187
53615
3066
3614
51053
10808
481
22976
6224
5584
9063
22908
4702
818
8450
6157
5978
6601
4292
1192
8737
84466
5782
10051
57727
27316
4301
50848
54872
7402
9939
23031
10949
10575
8289
286262
2316
9931
9738
2319
11176
84859
93474
53981
89941
27068
55640
9221
3872
81831
1653
55968
11124
10956
10277
84993
6208
8683
10236
10204
3185
8662
10010
3838
8614
55658
56254
8678
8665
474343
79693
55719
10133
51499
25939
84726
4670
1499
2064
27076
8366
2222
11007
23270
5598
5983
2274
3399
56893
6692
10592
57695
81027
3024
26517
9730
3096
54840
372
55660
10346
10467
2886
8428
7248
5987
1051
60412
2961
10724
445
57171
6198
4686
50807
143187
9482
993
7188
5498
25793
7010
56852
5691
9218
9527
5930
7178
7307
9618
57129
55052
3082
960
93611
4134
22927
5290
63875
4734
26994
3720
51647
23650
8347
8621
84790
8554
50855
5607
81889
55526
6628
84309
9513
5928
55957
8565
6715
162427
5594
51474
7464
9919
84959
7414
7037
10598
79072
3953
27330
11161
8360
26168
5411
817
168002
3622
25862
55149
4771
1736
92345
54434
22954
9413
49854
23013
5771
153733
541468
55709
8030
868
26003
3192
3554
23365
8777
59339
5111
81620
10963
1270
55061
153642
8543
54821
79786
63891
28964
9001
60528
50813
26092
1154
4087
3181
694
51255
6919
9698
55971
5565
2058
3068
6749
6605
9274
1050
11215
8774
30849
10607
23557
9737
6908
10524
64979
55364
6122
9775
6129
9212
8290
4255
196
9049
5522
220134
5586
85464
112574
2130
862
9877
6696
25839
821
64343
142678
8786
113115
23588
54625
80174
27252
51592
5862
23383
65003
79784
3205
11168
144699
57122
79902
23173
284217
3673
23283
9967
23499
27436
4141
7009
29956
8301
27327
6633
8907
2120
5585
25953
23355
11339
8945
5337
9406
23559
10580
96764
23640
3297
466
3216
1198
6595
3609
54934
3607
1543
7189
6205
57092
23476
3575
2060
641
64682
3851
1432
1938
3005
28999
6879
10549
54935
9584
1654
84823
10278
10174
3910
6197
10454
26164
23405
79913
7416
55094
552900
79948
6139
5129
118980
4175
10567
6464
3643
2875
23091
55083
134430
10276
51684
27148
79139
4800
1386
56259
9371
4296
26993
256691
7083
4047
25814
23521
6132
138716
5347
150684
6310
7520
6188
57521
8663
25792
1466
118472
23191
8826
27131
23184
5335
57002
23409
8368
6598
6434
23112
25788
55246
5984
708
10658
599
6925
5144
201895
93594
5704
8815
2617
57396
56963
10018
65988
4854
79446
7011
5877
2730
7390
5286
54039
26128
54778
25895
11198
23764
81926
51160
84164
1936
1329
2287
80135
79159
6278
2564
9236
58525
6606
89849
8161
113523636
81550
84191
8106
64754
2011
65018
204
11154
6648
79759
705
285315
7324
2869
9961
11269
51003
5436
7913
10673
253260
301
142
23054
79968
10574
64855
57473
11052
2185
11228
9070
127294
29110
9643
7541
1129
8314
9530
9129
90850
2307
93436
55081
25886
80230
55353
55110
10363
27107
84365
29079
153527
160
54443
338
23234
10617
29082
6801
29015
121504
10284
27351
6867
7205
26135
23517
1196
27044
2010
7159
100529063
4000
2720
55916
10253
10817
25777
84128
8365
1643
6836
79001
25936
6707
7133
6576
9463
26278
23198
4282
51035
9817
5435
9733
834
8835
7067
5451
10328
9457
100534012
124997
55892
7874
4733
9946
51594
645455
55011
7132
4646
54554
6124
57619
55275
4780
5604
22807
91694
151194
50649
51447
29117
8649
64121
23001
3133
55697
8924
55831
57459
6566
9915
285753
5198
11331
406
9575
26259
6209
3303
3301
58500
7169
1460
7019
8677
9588
2580
5393
8567
6830
10413
10024
54971
55048
57187
103
6764
55898
8471
1508
10038
8370
55596
445582
23135
51010
200558
64748
10988
29115
4736
55602
10116
89853
54739
4671
6732
140890
326
84464
2665
60509
54438
8439
5719
5687
5886
2305
3621
57539
4659
7161
2622
5690
3860
53371
25836
8930
114971
125115
6999
5966
10542
10845
1388
5516
84951
10129
991
10985
55388
9709
27248
9474
526
55905
84851
2071
5062
201595
80777
55810
57533
219541
7538
6627
9879
10153
6258
3028
3396
3169
112939
5204
10155
10755
5567
6888
7846
11129
26240
63027
11103
5685
8916
1468
3654
51070
89874
10422
51187
57698
2104
9318
4513
3581
5140
9785
10179
10318
54892
5163
3113
25901
6733
5801
8404
55177
2799
302
51719
1072
167691
80781
8337
8939
9401
79960
51147
55127
24144
286887
51296
2260
6461
999
51593
51375
282991
10490
55705
5888
23162
6602
51162
27229
3148
2547
6607
51061
221895
7090
2034
7984
79663
51184
49860
311
55240
1453
79839
112869
3008
6161
28958
58506
1027
1431
55578
79065
5437
375449
55870
10933
55226
8763
23438
90933
90273
57498
8091
57189
2355
26156
3476
261726
9784
29104
122809
116254
79465
9743
53358
4750
7919
7163
7165
10640
163126
8887
6314
58477
373509
57673
9521
506
286053
5705
56886
128308
8362
80700
23225
492311
8805
54206
6207
8893
10254
9146
84456
79959
7535
26191
6597
3726
92736
57645
5479
8175
220988
7332
79751
8379
22981
64983
65005
8087
1659
9416
147841
22899
51366
84643
7022
222484
57449
373
6615
2294
9147
92521
7260
64976
989
55324
1964
10521
10657
4690
23352
192111
1012
246330
2237
10084
11315
2821
211
5493
9425
3672
5686
23647
4116
9700
4794
2931
9702
25828
5611
80198
23255
8570
90459
7884
55668
51726
55139
10539
85015
6294
9349
55871
51105
7153
3275
6256
6234
23404
51013
23511
4302
1314
112724
3419
5052
170506
65110
10615
284058
333929
4889
27349
6428
84060
26298
2487
5536
2768
5201
51744
84270
7041
132320
64770
2107
283349
23584
57650
79866
5876
4291
80760
7507
203286
58497
4830
64927
58487
10109
115703
10783
11113
11073
124540
7150
27238
64837
8681
85363
9918
55197
65990
10973
50937
88
54984
23334
8936
6152
3735
23603
112268148
57474
221937
9451
65056
10445
64333
10146
23186
55379
9188
59343
64841
56897
29761
1911
5580
5546
54464
10426
10142
10868
7247
6048
56931
84866
79753
64151
6396
871
5683
64145
11311
128077
80321
25959
55421
126961
6477
857
2042
805
1525
27115
200081
6432
90864
8576
1312
1478
928
6204
7251
90678
51552
79656
3954
23492
3398
808
6647
57466
7186
55294
10969
26122
9169
375056
55311
86
8295
124801
5178
10198
23410
65008
219927
3009
6632
10213
5710
10514
253461
8504
55670
152006
7328
259266
80764
5884
51692
23288
6125
7297
3572
254427
51548
25956
7543
55166
7317
1182
3965
25825
8563
7818
6293
140707
54998
7164
3337
4893
2770
50809
10994
11284
83858
5689
8894
84186
5432
57117
83594
2935
8764
3742
3699
57708
2289
51435
1785
8449
9275
6760
8892
5906
8794
23558
6653
9911
57761
10138
63035
9525
23085
3551
2197
54765
5090
5935
57381
106821730
9935
8402
57787
139716
205428
2959
79091
27095
122553
7589
84307
84675
57798
11338
23335
23312
7128
81858
54785
81611
639
9948
5603
163033
91252
53826
55142
9908
55300
10534
64853
10412
9391
2872
4627
8861
79871
92421
71
3092
5195
54888
63932
8031
115752
85021
96626
23649
9706
89953
1832
65059
55699
9972
2962
55691
83879
7268
11179
11035
4841
9610
10614
57639
57506
3310
79058
3306
23235
1727
3661
2923
10466
91949
23770
23204
10058
5528
5531
10336
8500
23271
55062
55636
3183
2926
6786
5055
7270
6135
1487
5361
2017
134285
11194
651
1828
55768
55114
23164
79980
10910
118881
7536
92283
11157
27258
3251
7263
259282
23367
147872
54996
728642
11051
574406
10487
191
5226
55715
10207
9076
2956
3364
84733
9256
22881
9685
114884
57169
29078
51079
54931
8481
79664
29843
5519
51100
2660
64960
55662
26127
85439
80346
538
7430
6383
3880
56478
2081
411
57192
5727
10262
3852
101059938
24148
7398
3182
6493
64854
2948
4779
171024
30000
29974
585
8553
10130
6047
8473
10902
9846
6240
327
55729
51603
22974
10735
84131
6712
10497
6624
29763
11196
84132
11264
54936
3939
1278
1407
3849
84572
740
23005
6881
26747
4580
8125
8359
222255
23212
9040
6210
11224
6737
8742
4487
60491
10248
65264
5315
4008
1738
6777
80143
124751
23787
6502
1810
6885
144108
7936
23567
54882
2067
79673
284403
22913
4300
84661
9801
1933
4205
2539
94134
55066
7409
5295
222584
3993
3020
80149
3921
79724
54955
5478
57634
6193
55698
8502
84656
11012
10189
7465
64761
2066
221188
6141
79791
221927
23673
7798
90627
7799
387680
374897
515
64802
4735
10844
238
51027
2495
29844
23582
83931
9555
3613
3892
56006
135293
80013
22828
9150
10001
910
100506658
55850
6723
79016
8666
51503
55293
196403
8208
64783
1973
84262
6050
9667
339448
54106
10616
1455
53944
51231
8464
7158
8881
4591
117178
89890
9361
3659
60488
28977
221037
23304
79922
54623
55693
84908
50628
275
83605
201134
5467
6722
84305
9441
8178
8315
126402
125488
1059
9464
83855
4678
6230
26751
79720
1345
5094
51631
54700
80705
85302
257397
7572
9747
54820
7265
7903
5538
5162
79728
6194
8241
7551
7272
10579
56256
2323
3021
26353
253980
64951
51363
55684
55740
900
1457
79020
4287
9689
84247
22890
4041
50964
55274
9786
24140
5338
2109
29108
3712
10645
4673
27159
84343
1355
29957
9337
63874
4212
8214
9328
5713
5718
26575
125058
498
7515
55809
91748
11034
26001
5916
57602
10653
8813
27034
5321
83548
64839
65986
10208
8085
79088
92799
80854
84549
8898
201292
605
54904
8531
38
65095
129880
54585
339366
2512
1327
1629
548593
1022
10147
9928
7155
57470
8658
84669
8717
10913
57472
23019
5058
147339
5429
51704
10885
826
2783
55165
11186
3397
23644
196513
90624
22848
10159
80185
65094
79616
23759
4695
79670
5099
220965
23532
8533
51253
90480
5976
84893
22870
57546
6238
1829
10197
57519
55692
5216
9412
51141
54828
65082
78995
8661
4683
7518
140685
57532
7586
7579
79109
9149
55092
23329
3191
5814
4602
10456
5868
83734
23560
84962
6095
51514
121536
93974
11193
2191
51263
1952
202051
6431
3304
9533
3655
58509
200894
23042
1788
10379
199746
8487
1326
3959
483
9415
10957
30008
116028
80010
140710
55086
202
117246
84946
219738
163183
51008
25791
125950
51742
144811
29093
10573
9486
163486
753
79682
23268
79634
2059
23244
9962
23155
54870
6303
10629
6612
11104
4722
51765
11340
4739
607
5898
23032
58504
8357
9857
3069
29916
54487
10749
6092
3667
5339
26155
55233
6301
27291
7110
5045
55690
9209
10114
9135
55651
56957
4074
26088
6218
2538
155061
5230
523
51693
8434
5825
1315
51441
54477
1958
4665
10992
151613
55759
23246
5214
7290
80273
64375
27156
9670
51430
81875
5127
26284
55290
55627
8050
93655
5422
9134
51107
55851
774
6142
9945
23063
102723728
4664
8455
22803
1277
1186
1666
9652
22950
51807
64431
7109
29948
64708
54386
4082
9166
1660
9126
7277
163
7813
7879
9559
122769
27031
4867
334
29123
3104
5096
5566
57661
78992
4222
55589
2629
2150
79641
5091
7334
55738
51715
79036
23265
23491
4601
4149
6878
874
54107
8467
84321
440275
90507
5939
23613
11072
5431
23126
27350
7337
23741
23203
1967
81607
153129
8349
7358
9815
9853
3978
6917
3586
1909
10181
8895
283431
6009
5147
23523
8520
403
3679
23481
51608
80262
288
25855
56052
891
91801
83590
6128
148223
4331
7681
1786
22984
1780
80254
1176
6817
5268
3798
22916
7525
81669
283229
10923
55229
3709
8445
5372
10049
56945
400793
6497
9410
10421
687
56658
92597
51258
4194
90102
374654
9894
23111
81839
9182
23049
51069
6446
9321
84939
10188
51663
8480
11100
7690
151011
126375
79649
79840
4289
6728
26528
51397
5932
10771
83640
5557
81844
1195
16
84078
5298
10045
55299
22931
8626
9360
114034
8795
51529
56851
10438
25989
27285
3070
11316
22820
54930
115106
219
5394
10211
29979
5480
80223
84154
113263
54902
65109
5537
55227
8364
84172
64175
51073
29088
79659
83541
638
840
9203
23097
4926
223
28992
64283
55553
9320
100287932
23
374383
64928
2975
3486
5532
91452
11065
2339
8073
54602
4891
5423
7508
54954
51318
55737
2631
51112
116541
140739
123879
9197
22985
111089941
9831
286077
4839
132
55666
81887
221786
1606
3015
9093
7341
147700
1808
2965
28956
8343
4058
57674
196374
5902
148022
3017
1997
6659
6877
8192
725
11258
4704
4729
151050
55929
11218
114790
5608
6400
9077
57805
59269
1965
8653
63978
79991
158234
64963
22920
9184
10121
60496
9778
9261
286826
26064
9748
3784
5600
64223
55615
26509
6642
2149
11277
27037
5576
6102
3224
55012
101928160
5601
1495
27036
1954
51633
9175
5496
5883
23450
51649
84312
7052
84461
9897
30827
9753
8744
85236
65117
10762
51203
90355
1975
9306
6091
348995
9632
5698
27287
22934
79589
5756
22880
257160
55250
64147
389541
140838
84942
5550
4350
6907
2171
23369
4931
9921
89796
7343
23493
124944
2897
5663
5965
832
100505585
5770
4076
6799
79090
55702
4804
9183
3656
7422
83743
387521
51635
59271
78989
9813
823
55174
26173
205327
9557
126075
1374
28998
5694
6183
54737
1500
1439
4267
4998
29911
353322
54476
7099
55181
51121
90780
6189
829
10383
54940
5784
4605
4486
7095
150864
89910
159195
338692
3636
283987
573
79576
10884
64434
131566
10509
23534
64978
23313
4084
6945
157638
7204
9804
114803
2589
5911
9934
7107
7494
8971
9658
4048
57461
57085
488
10270
3836
4714
84263
6654
7786
9686
1102
285440
4807
51388
80014
359948
4430
11221
84033
9577
4929
30836
6154
5910
27339
9343
145173
54995
171568
56342
54433
10625
84303
3431
22794
79171
127703
25924
79872
26610
3612
80349
9734
9478
7625
7384
135644
2697
2068
3550
10054
348793
7408
4594
134266
143
23037
26145
7597
54958
54873
29775
55147
84126
55291
57534
55284
79443
80323
29997
84231
10726
5356
213
80012
3300
54531
79711
10758
1203
51808
5695
51755
10602
28976
22832
1978
57684
2677
63920
81559
9779
145282
55930
56252
23274
49856
2896
3866
57530
79677
84233
4211
55035
26057
219654
6430
8204
10293
10165
54507
129685
9021
56922
23464
27089
4862
23046
5715
126789
55728
283537
23190
333932
723790
7004
81603
2672
6426
22878
1969
1942
3984
3108
4361
6742
84294
57418
23592
25906
25847
55661
84707
51247
10874
8706
5985
5692
8317
1397
22900
6206
79718
6910
51341
83892
9739
10914
23142
55840
4905
57551
9252
10226
65992
7458
84869
7923
128710
8061
58157
10073
9061
80021
10040
8446
23322
1020
9158
6143
120224
11160
6195
587
91319
51465
320
1317
64428
9903
64793
56888
10935
1070
10006
8976
147179
27429
134359
22862
26292
6522
2967
63971
55585
51122
100528020
5706
6158
9647
115196
94104
51319
1762
56648
10286
23295
4718
3705
26097
26512
64801
60343
10541
1893
150771
10603
28987
10059
6455
55920
5087
79734
22885
93323
54764
51268
6510
55037
4913
8986
81847
6625
59345
7385
4661
10730
64400
3790
145508
9847
55863
11276
5523
990
6499
84458
3034
28990
23350
8233
83871
5781
145553
9213
4582
10728
3344
9790
5378
79705
6730
5981
57819
55612
2954
54855
79173
8340
231
84256
10612
10062
100528062
116071
56970
79048
51433
22800
54923
54927
873
11107
6136
5934
7027
3434
31
8548
728689
83992
100137047
8932
56288
9901
140691
51295
4154
2263
2255
1540
55072
10291
26999
91272
8273
55278
7171
942
7184
23047
10274
25929
56654
894
51538
57592
23065
80856
5434
23348
339287
1676
56946
7726
1030
6159
9324
131578
6133
8436
7259
57215
10397
151648
427
14
5792
50804
132660
4007
57794
197257
80816
23609
3914
2181
2733
54893
50814
6181
22822
79896
51002
80344
84296
9878
25822
10461
663
10459
80184
51138
3727
8260
64946
1104
23530
11332
25934
6191
4849
65220
578
396
476
84324
7750
64216
5796
11152
55970
23594
10544
23414
51667
1737
79876
10787
60626
7918
10801
3094
128178
2802
90427
5507
5509
2494
8816
5534
9344
64426
4001
64241
1337
57600
201163
124995
3983
699
4724
4723
6996
6192
10611
2242
55859
2332
78991
11235
7216
9868
1824
554
114897
51586
116841
1479
51300
25962
64969
8890
56952
9325
6282
9726
127733
8625
64080
3295
6609
440138
1646
8644
28989
10847
57185
5095
104
84775
84886
51491
54970
2870
4616
5427
158427
51185
10367
5660
10471
835
84617
253769
199704
3150
8796
10628
9898
2669
80305
4831
11102
6280
5917
1947
4898
5977
2288
51335
586
3238
4160
56246
79893
3987
148254
64786
3163
8819
11080
493
56984
9787
90121
134218
26985
79002
55254
9519
246175
85456
65989
55681
84450
51205
51056
2762
5082
57591
4833
27332
8721
440574
79081
374393
91039
307
6610
100529261
55341
27173
27065
267004
56925
23368
54869
79868
3198
80789
5982
122953
8312
11267
27335
253782
140901
178
65080
55829
1781
83658
23174
23564
64864
5701
1840
1906
84289
8886
9867
23093
51451
92715
6767
5583
6317
7486
23786
79089
64146
55504
522
6665
10085
995
5510
10654
5529
84659
23479
8915
6156
29099
23412
3980
64395
122786
84218
29888
6890
837
56943
10606
90411
34
8339
23220
29101
92105
3006
51260
9570
7074
64968
1981
4189
10450
3839
27240
29074
55718
83608
9984
4795
8574
1855
7692
51747
3665
8338
92259
10972
221504
8165
5612
80347
84619
55502
3985
55152
4238
8505
8776
64062
272
84717
10480
2747
64377
8568
8335
81624
51517
7443
9666
85014
79077
84146
5271
4236
126820
54910
64689
6942
388813
8673
54863
64965
146206
79837
23163
5757
8573
25865
79039
6318
4967
89122
6429
11222
80829
56993
8323
955
3340
1843
8336
94241
5318
54906
81892
23035
182
55703
56907
55644
29982
9943
54884
1728
11213
51135
55188
7086
405
8344
91603
64757
7407
51365
51155
4090
389840
115939
64083
2037
4615
55869
29855
1861
151903
1857
10981
10589
644150
84061
117283
8660
203
151246
254773
9718
5899
23247
10098
79188
84273
55854
5358
115704
79873
55833
27122
10577
5154
10906
7476
9421
10011
5592
5810
7707
64788
11021
7994
80168
7581
4617
64284
11165
7469
51144
54629
55207
9491
673
55340
3007
2960
9669
5048
10300
83732
51520
27348
83667
23051
10477
1105
26521
80864
9810
26524
91369
115992
55327
643853
65266
27347
51317
10190
56474
25909
8239
329
8615
3035
10558
23597
9797
5211
9665
87178
3895
23358
57492
79861
57205
55732
224
689
819
54205
131965
80342
389677
196441
788
90861
7552
5229
10439
79078
10452
4907
2950
6184
10362
23645
994
51188
81789
26084
7805
55367
1891
55120
2187
23187
51639
9246
57587
64423
197335
4836
6651
23256
581
11187
8905
221830
1475
1725
27309
2021
64924
79608
9904
54776
84991
3097
2182
23376
116931
54938
6594
284677
91582
79026
90324
29935
79590
83692
5605
10056
2193
55143
125476
2079
64926
9354
50944
6752
114883
5699
54512
113455421
79027
1819
55714
117584
4920
4123
11202
100379661
10802
1048
84300
10294
8863
8864
54606
8332
80304
55156
56181
79735
8880
57109
55167
283489
138199
55506
10929
4200
201475
151835
54361
81556
9015
10163
55764
57505
253512
2706
5730
135892
8220
771
4725
51116
10946
5891
23429
91368
22
54875
115426
201164
89797
6203
57594
11128
1069
4726
27143
221092
197131
2235
10042
535
347735
3111
8195
53918
8672
58478
23762
4097
128869
3854
254428
6820
23753
51239
23192
23303
81544
23152
29072
22853
10200
57658
6773
10947
23373
284459
7403
53407
26953
129303
5753
9825
54758
26515
26519
23172
3012
23168
79228
54978
10096
9623
55164
60592
9637
25915
57703
51292
27128
6621
65983
4253
55696
81572
84058
9295
27018
5763
64981
6489
3067
23094
7566
130502
8351
4860
51074
5870
23307
79776
1948
201627
115548
11112
10781
81610
23002
84936
30001
157285
80256
1375
283899
9524
283237
79754
613
51622
92922
78988
81537
9789
23394
3920
27102
54874
90550
339230
79080
81846
54521
91544
8027
22872
57544
22839
22941
55607
79441
23480
55622
80020
79075
2861
84317
2224
10212
114799
116115
6782
5310
3861
9382
8820
5352
57405
8270
11329
4128
6874
11000
90441
9573
399664
653333
11252
9258
66008
84498
5979
9792
134553
567
3233
10857
57707
441250
10066
22837
51642
114879
10526
5927
85444
55017
7468
4152
20
64397
118812
57003
340061
117157
10436
55074
10295
149986
5738
9442
84864
10723
55671
80007
5425
660
7905
100423062
55793
55781
440093
128312
3925
25902
80227
203054
54808
54331
9124
27
51132
6778
55425
55763
54462
5533
23387
25937
27300
27072
254013
116985
130507
87
9253
4070
5293
8325
9201
10427
5609
375790
54932
7148
10240
2264
56882
51495
6242
81567
2705
9208
9172
51691
25804
284297
3660
22821
51367
80153
340359
8624
51455
158067
23309
55182
2936
11231
23224
1362
26574
64222
3671
2650
6452
513
9937
4796
91351
7709
55210
80232
6548
7253
79583
51024
9889
23269
54929
6241
100874369
85359
9352
79085
4647
92610
25930
64949
4698
149371
4535
9100
79629
252983
151987
10564
29086
54887
10570
57096
9262
27342
146956
4009
84699
7089
7001
9886
51389
80818
123169
6433
119504
29907
57482
9692
26275
6558
4711
79842
7444
10641
84330
93166
55173
144501
7064
81617
23211
80308
91662
79695
84749
5191
441150
9794
23500
83700
6277
57669
285527
93343
51124
11319
51077
5018
84333
79725
8731
116151
667
9704
84319
9563
65083
116540
9333
79714
9133
50485
51096
5438
5589
7298
6236
8870
1615
8079
5033
26589
1749
84295
5165
653489
23509
11285
56341
90806
60686
81622
54845
2050
51478
1841
147923
208
4521
353
7873
441549
6227
84310
64787
8470
3739
5017
54732
8874
4017
64129
27445
3675
56927
91746
55269
29952
91647
54806
537
3029
8836
3226
57465
25948
255426
51129
81848
1476
113174
51380
80381
80830
5527
101060376
64319
8634
54797
10025
81570
738
22858
91687
10252
8780
400
84079
6845
3696
2639
116840
79752
83468
55015
23654
27236
286753
10365
165324
825
51371
64844
5303
9837
64425
51009
8321
8829
6286
50717
257364
26505
7043
54520
23646
58526
23580
54059
54899
25926
4810
148156
51657
5155
9370
80023
10750
51
1121
5514
79845
57463
257218
246184
29890
55861
3177
57403
55198
84844
9375
116461
256281
23195
27292
26271
150274
10005
167227
2982
85457
7812
84914
5362
283078
10667
57670
25897
79796
65010
55813
10311
51329
23294
11083
10849
56000
64792
7770
6670
157657
6239
129446
26276
79944
7051
2131
51274
2963
126626
9816
64975
1382
55742
57190
284001
55432
9520
5791
285190
26024
54762
84651
4496
7433
146439
79818
10531
51449
22902
374454
4850
55766
23016
8897
2137
79152
10613
7851
3688
10939
84674
342945
414919
9546
1289
55006
5170
9317
8358
79621
8797
156
9054
1062
23286
54780
197370
27443
5073
6196
9205
80824
26017
26098
9687
9039
2997
404734
439
51076
64207
55103
25904
5305
10651
28969
3842
54788
56913
6309
27243
23293
83903
1003
115123
10464
3998
9276
51127
11079
1763
222194
54145
51101
8877
9644
80207
473
79770
1870
6990
28986
3033
5307
55720
4720
11333
51204
22894
89891
25824
55253
51324
4085
200933
64412
57179
9414
23403
55505
6631
81627
5291
5134
57161
7386
56896
55172
29899
5442
11273
60312
52
51460
11066
3118
22929
3685
5471
26578
51569
26225
10314
55137
130916
1979
10113
6934
55975
3619
55884
11097
54969
11212
56992
64763
139231
10620
80311
5819
6810
27071
80270
57631
64149
1001
23053
222008
10945
3098
5089
23139
54913
55111
8313
4012
4139
10537
100101267
2125
84220
150678
23210
83475
1968
5989
9965
10410
92815
113201
284656
10955
7105
29984
4775
5130
6263
23133
57402
64073
55135
57143
23677
78994
84245
79622
84083
6505
80011
57590
26227
8346
4150
152404
25759
57132
79863
147372
201626
55795
23423
55683
1054
51605
10360
2803
22980
3713
56062
134492
51114
10533
147686
79586
54973
65263
55125
4140
26093
644019
79594
23379
201161
51567
54901
3018
727851
9828
91782
9926
120534
23474
29943
29959
9690
10101
50999
50640
55676
79939
55218
57609
10312
23683
644815
22826
3219
81671
5606
51014
23328
155435
84284
11146
29103
1471
27246
84265
3840
58155
4040
53616
146691
2643
64110
4651
79706
5160
91419
51202
22841
9553
100293516
126299
23607
254531
4809
8514
26290
6103
51291
2053
11108
10775
9255
5306
29058
379
81786
27241
6279
1608
4059
57455
374882
58189
782
340156
6769
79843
55847
5495
19
3217
84313
139818
64282
10557
29087
388115
285966
57222
2683
9475
55209
653784
84547
143884
79990
1622
5097
284273
92140
64943
23426
84872
129285
29781
22884
7295
63915
9653
22875
10463
64860
23131
80222
29760
9397
3898
26140
23623
152185
646817
2281
7301
23080
9989
4677
1376
5210
3557
1545
1645
3703
286827
63894
162394
29126
79807
245812
54680
6892
55531
80155
8801
23515
2312
9578
10475
5524
55347
79142
37
10507
79874
23231
10769
55604
51399
54810
116092
10636
6792
2827
51322
8536
6838
112495
7678
51103
55080
8345
2029
54793
199990
7039
55033
93649
1984
27032
347862
342977
9232
9409
9891
11041
8996
463
57128
114885
9823
10283
8997
54677
10584
57704
203259
1464
55653
349667
27179
85459
1075
10491
8456
7077
7078
79810
4538
10560
259173
120
3052
57136
201931
1901
7404
114991
9556
387882
79841
83591
1793
255758
64399
6469
2005
80004
54894
57464
842
2624
977
23495
8555
57107
81532
51142
8425
55858
10672
64135
2322
63982
51181
79086
9950
56655
755
23332
51574
157773
8527
255022
51571
55082
348110
79581
56941
490
2176
220972
6894
9479
79654
9604
7296
6787
286148
79613
23024
462
54475
51735
10905
51526
9625
3710
2548
84919
23325
5364
2280
9086
11274
83478
56126
28982
55023
57659
7779
8131
10670
1632
23708
7629
11183
90594
84975
402055
23233
54816
92609
10522
3833
55633
780
7326
479
7220
4122
7702
10788
55337
80317
2817
54461
9648
440193
6591
10794
28957
53339
200424
29062
23253
9353
7775
84520
222068
23361
283742
135114
6731
2983
8545
8550
1787
5937
10652
6520
10855
9840
91543
5742
5194
905
3601
65260
23637
100302652
55336
23215
644
204851
342132
55016
1515
60490
23424
84133
1730
113
57016
441282
84275
10999
142679
1603
27067
11060
10979
90488
29028
3855
6835
9585
9735
253827
23301
6347
102157402
23087
9628
1124
54552
30968
80817
51182
55906
56241
321
134147
2122
1827
2820
80216
727957
112849
25917
54583
9933
7490
253635
6016
2039
471
3781
83637
6943
1340
10008
79847
30811
10465
81576
6096
25879
26040
7057
950
8741
96459
5540
115416
23396
56948
51506
55664
440
79637
84281
9997
162963
5831
171017
79572
2119
57407
252884
57447
195827
51501
521
6484
55454
139212
3752
1523
56521
5768
6814
390
593
90338
6662
55028
80213
144233
1892
2444
51309
5098
54801
54431
84705
6416
158358
53938
60625
149603
4710
51278
10435
6390
10072
153562
23671
384
8263
9627
60678
81788
23704
4924
127281
2073
56681
6833
11069
653604
54962
64785
79414
360023
56605
57649
9907
602
4512
64320
54539
51496
144402
8775
10063
84073
80173
5874
84232
9509
32
22863
3945
25820
136306
2232
55761
168544
23213
55819
55217
64224
3202
219743
5054
7374
5179
51111
1743
80746
84937
163882
23595
10039
57111
4645
3755
9026
51760
124152
10135
57486
29967
51108
2244
55363
8334
79037
2553
5740
8869
51078
57648
92399
163859
54878
6988
11162
90231
221150
114793
55624
23670
2252
49855
55577
388969
5696
3576
26130
688
105
23113
196463
152330
23259
51250
85463
23078
10451
25766
89781
3257
22877
85365
121457
79095
26586
8518
11169
57647
51504
6046
23108
91304
11138
153443
7049
27077
7174
2787
51226
4801
9927
54977
28962
4946
2632
222950
4756
54619
55191
23262
84196
29970
27158
60314
54478
26012
79034
4598
23568
6337
91947
100527964
10635
219333
137492
8303
121227
2671
254359
79643
1271
54566
831
60481
84376
100134934
5355
80025
84100
51031
1163
64784
9811
26054
10552
333926
11017
57018
147040
10898
10927
126326
489
10668
285590
55095
8689
54726
84293
125919
5993
93233
57057
11325
55825
57333
26231
10478
57613
84978
11074
594
10782
6389
54883
51028
64219
11001
144363
8694
55238
1181
27230
6338
654483
81794
83448
60313
10228
28973
8732
25893
729857
10290
84335
159
10983
93129
23548
133746
92342
9741
9887
56005
22930
10550
9703
64778
283248
155368
139341
813
54862
404093
11031
23431
27020
6451
25888
55808
5189
54465
119392
29071
25983
150472
55296
54948
9296
55068
7351
1263
84938
23029
6342
3227
1687
253725
1998
2195
30851
28960
51752
51759
83473
100532736
29969
83939
84069
10231
5190
5780
5724
5256
10023
651746
56884
517
5786
10476
64777
23408
51011
4715
53373
3992
81553
23008
5176
23616
2139
148327
124245
8140
26973
169714
81502
5121
51154
540
100885850
2760
285600
387032
27134
3714
6832
58486
79879
64756
123355
51728
27175
113146
91522
146909
55352
3759
7857
23505
79169
7570
51560
51531
54928
5289
116138
85476
375757
57146
126074
125150
80312
10020
89822
81533
127002
56911
6574
10402
18
7764
376267
9545
92595
23061
27250
64410
57862
51454
8227
55707
55471
375033
85378
323
6751
55320
9136
9833
57666
23545
79042
283989
65993
5818
80018
9053
8341
23370
57701
114822
5264
55794
51081
55466
10962
9603
147007
4952
84926
8331
51493
27245
29998
7025
9139
7844
23196
51093
79087
128553
2734
10548
55787
2651
10447
84280
9473
91689
2241
51310
50484
254225
7737
5641
90580
2262
54704
4337
10206
57050
5277
5890
4094
1635
55620
83990
55841
29968
23589
9798
115817
54505
10827
5998
6237
26010
4781
713
83716
9512
9758
23353
4534
5593
55573
55669
54812
10479
116150
10140
84255
7730
64746
11178
23127
51646
56935
10565
84056
7620
8896
5266
79675
29934
9493
140461
51809
78987
5999
55687
9925
8821
79834
51134
401541
55322
4049
2898
11214
2054
57728
119710
10420
23300
116362
7347
26577
51224
54949
80704
29
5775
63929
84811
83443
9684
10766
7006
23556
51659
10928
79977
23287
51727
8329
23177
440145
26230
10044
2245
55214
148266
6671
3156
7485
29803
84283
26018
54681
692312
55667
6683
63908
57507
55733
51196
4938
9973
79369
22795
8808
29994
28984
221044
55205
5476
57476
24139
51021
84259
29842
4713
10443
150094
5042
9462
3417
79932
3841
8479
57484
55501
79696
127544
22911
79726
79178
55251
152926
79442
85395
81034
271
92335
3491
130617
93986
92667
4649
54903
326625
4782
4168
11342
64834
55288
54974
29070
9880
89970
79892
27042
6834
27069
3382
80331
2987
25941
22936
143279
10622
25771
27109
4147
152503
1266
2048
142940
9235
63892
9824
219771
374659
2045
1944
11064
121260
90417
175
9985
114876
1983
27090
25979
221078
1477
10440
8914
29951
63897
2000
57662
6909
51131
8438
6339
23395
10137
51244
79074
8711
144100
7763
387856
124454
2036
132158
23516
116143
51634
55591
83874
8853
23137
29097
1200
25800
63826
10865
9368
56267
221154
256586
64710
5193
23207
4249
56649
2626
5587
4925
89958
134353
84448
3632
27293
10170
51575
79165
283933
5920
221935
55201
55049
163087
1456
124583
118487
4246
221613
51088
23401
79719
11188
55084
197320
23765
2937
22797
493856
55677
154791
65124
54956
6168
55345
23731
54814
240
84932
10903
23011
65108
166336
4693
92558
865
56994
56990
9572
5333
9542
6442
124808
64599
51172
3757
84189
84858
129804
23587
23522
9807
168451
55757
80221
56892
79744
339745
29094
26960
55286
64418
2717
57511
283385
114327
645
29937
21
92
84954
1889
25978
340719
339501
23596
9091
7348
93624
3036
79158
55954
7556
8546
8682
124565
9851
54826
126070
58485
115294
55907
4696
115908
64838
57099
57456
7991
1992
4707
50808
26037
149041
4514
9569
55621
147991
93145
79648
7727
266812
80205
151195
26235
60468
51429
4915
4908
440087
55582
8882
60401
4712
2121
135112
64114
27086
6905
94240
79073
9034
1830
64174
170384
89882
50650
9088
3157
252839
11226
51023
22882
3824
165055
9277
9562
55374
81554
51696
84524
8969
51200
22865
529
10626
9896
7862
116113
8348
7746
23240
5027
984
54795
51523
285203
54809
9619
54210
83660
10007
57700
7145
57554
51373
5900
148423
83641
80775
23102
84934
63934
8844
5083
161
11238
4519
57007
84911
11261
23503
84896
93099
6100
55629
9244
7564
90007
80063
55435
9791
55700
27022
55224
4338
9640
115560
84899
8643
6608
51306
56929
51157
27304
2277
10518
22843
29090
10083
64072
54897
402
57180
7621
8942
51163
8411
116447
197322
54496
66000
81605
118987
25852
9445
8883
3977
25977
10959
10555
9019
201965
221656
91442
63979
23052
11044
55157
23230
9550
348235
3460
3416
410
2588
65975
101927446
10922
23299
83539
285672
360
4294
9712
84629
728621
3625
1678
54851
51042
5283
1723
29925
27113
8729
10780
374354
50615
347902
5923
6397
55773
121053
10043
51118
341640
285605
55326
51406
135398
66005
221545
3418
340277
8495
10019
8369
57568
79633
115
90268
285367
1316
25864
140459
64407
50515
126433
139599
343099
6341
23138
10469
129450
64236
200576
11014
55846
3454
81888
858
152579
124402
55031
64856
51257
55876
284391
57038
54920
2077
80129
200734
55937
51236
901
84067
9917
25809
80755
5639
283212
5526
55608
8612
493911
126133
29915
9832
624
7922
64895
84267
79763
25921
54058
9595
58513
57556
144097
91875
149473
114898
388650
284119
139285
55295
10196
63970
79794
79635
54439
10767
2949
51251
7029
283373
51209
3658
151393
7718
79956
79230
128
9079
3013
57573
2774
157313
84219
23420
3563
10908
56995
26005
8872
121642
57496
59338
10587
5447
3488
2794
8019
5253
55128
115201
8974
4883
4880
678
3363
440026
84364
1106
28965
2016
63935
3741
23598
8541
1490
157922
54455
51199
10370
55266
54014
55005
84340
225
54149
127255
23189
55593
8559
401447
5654
91147
84002
7978
2581
26750
9123
126382
166824
7701
143425
22904
219988
3633
8556
9144
6729
2729
57097
6300
115557
113026
85313
84299
64432
60370
25949
79183
84912
154075
54733
166785
833
8632
84138
55614
57148
9744
80224
8310
54997
55297
201798
4943
6863
23060
6382
51651
55917
25813
9377
4247
79858
55330
161742
90809
3174
5074
1131
22889
64097
100287171
79778
112970
3213
54469
2157
7477
3552
25996
80233
767558
64743
51164
64374
9399
9736
9141
3475
5275
10380
206358
29066
10806
25778
401647
139324
79600
140775
8399
2004
50626
55656
399
375341
92181
81577
157680
55561
1138
64897
160418
64118
10678
51271
112
790955
54790
129563
26034
83452
90865
23261
7511
11197
2621
7461
51611
84441
113251
1802
221079
2702
57572
10948
8859
146050
283455
8690
6487
84542
4285
147463
84514
58488
23070
85415
51125
494470
1353
10424
26205
55568
196527
197258
5636
91942
84272
80097
51473
83638
10810
84968
199870
79943
57560
27253
22906
9069
92344
7166
57688
284697
5224
11153
25957
1366
29100
22883
6560
112483
51655
79642
54665
54802
29105
23378
55280
116225
5783
3087
5164
474384
79415
196483
2653
51347
7568
51582
55680
29880
10644
30850
63923
2271
121391
221496
54968
2491
116159
81691
23576
51734
84188
5330
2582
148789
79000
337963
528
26000
1066
51206
286336
11177
133619
51804
23059
84193
57162
218
5464
4650
389812
391002
54960
80127
1298
26115
3099
9766
4325
6231
5279
219348
146227
3751
1393
54822
220213
254170
55635
285761
10322
83596
23471
55008
56987
25841
23254
84923
64771
51106
65244
10961
146059
125988
3732
7739
88745
9683
5019
26297
79651
55071
23275
54468
2627
57679
754
115362
138639
54918
115098
54836
23527
57001
9922
9771
22864
152273
4982
55778
130557
987
284716
388272
56978
55750
54466
2822
80199
79363
54541
28954
10391
54033
63939
27301
3889
2971
84881
54497
140469
22978
8646
65981
51321
84318
7748
8818
51227
10630
58533
65979
2041
90113
137695
9122
79135
28991
579
8702
25851
4552
445571
57696
84870
26027
4947
3695
55101
375775
11054
54961
8490
51528
79661
3422
50810
8623
9064
10090
113178
100861412
51119
7733
203522
956
57336
79102
5008
2584
51714
79098
79672
9697
10205
196264
113802
28951
111240474
25874
4881
118426
51534
23277
441478
91653
5349
128637
7767
83636
140576
112609
132789
4314
258010
1174
1465
5269
114294
10591
84274
64061
152007
51248
10087
8745
79671
284695
60682
58499
6827
22852
653583
9617
391356
221477
84632
9311
51110
127495
81575
79954
56954
5570
84525
89848
84501
10799
1890
90
57480
81545
8970
219844
79068
57536
9826
151188
153364
56850
64131
392465
554235
1134
55544
157378
84888
5184
84874
239
90204
84159
10717
2909
57677
2686
222662
57605
83852
84898
84795
400073
8013
9465
706
10199
286205
64925
8995
132299
84885
5007
64215
57479
8092
55333
10287
23621
9874
785
113612
148137
3420
55727
403341
3151
25963
729540
100289678
343472
348180
6541
23635
283149
64762
57664
282809
54858
11122
7349
51272
9635
84301
219931
199920
114800
10520
5348
145864
9238
10428
64221
6668
4038
283643
8754
1365
79174
57095
11230
8544
79658
56122
55625
167465
346171
63931
4709
4953
51409
8506
57157
8800
84451
55777
2879
54952
6307
199777
5817
64901
85379
126298
147948
113444
85461
85377
98
284996
22876
15
1002
91056
256471
6351
7574
10335
100505555
80219
6553
54542
192666
28974
2876
5613
160760
55329
9842
92370
84803
54981
84958
23129
79177
9699
66004
84905
222235
126669
431705
27000
57217
255252
23012
58475
130535
29886
100101467
80895
79668
154007
122704
1854
2070
10553
23506
4323
10280
4640
25796
1233
23417
8322
23593
7553
9423
374946
79175
55572
79827
57489
148103
140730
6903
114825
7021
7122
6470
79798
83940
57091
4121
6940
23317
131118
6821
29901
4694
7554
80352
284992
127700
128674
155382
124044
54834
23315
79644
10201
201158
54510
51699
79070
84614
167826
84243
94031
55745
84947
10725
10272
10807
8435
79690
89795
1644
79755
2572
7760
339210
84240
51706
6171
375743
144404
1537
7318
392
1268
23241
3775
1609
5754
79031
4509
222658
9905
5078
137964
444
440689
124401
56895
8934
112479
9180
79019
25961
105372824
11142
283208
64427
548596
79056
125170
115209
91408
340371
23151
2049
6425
25821
9836
7127
148523
346689
79829
27315
344558
8635
255189
8803
11092
4600
3779
23305
3421
5734
53343
57176
57446
8572
6273
342667
54555
2902
3354
1371
79989
2592
80271
90019
7694
613037
1657
400818
954
652
3606
54798
201255
23096
4752
283377
8675
50
501
10157
23354
374986
51230
168620
4820
1795
57665
51337
116224
2178
51092
143162
6992
9455
79739
1939
93100
81563
55332
25927
617
219402
80139
8637
7738
84920
26099
5596
57182
81566
8705
1136
1351
116988
10000
8722
116983
5924
51075
92482
55270
64800
1140
221264
7035
169841
56940
7542
133957
4125
2395
83752
642273
148867
54853
56890
4257
84924
10867
6640
6051
9762
26520
9398
54495
203427
64077
197407
29085
56650
90799
55512
9941
1945
63951
166379
26022
10244
10076
128240
127602
1318
220869
55628
83861
64582
63901
83549
10302
63910
10840
84976
84302
11282
23463
3600
9639
3400
11232
7162
51304
9913
10245
23555
54482
92822
55769
5004
23551
254251
3350
4124
255394
2645
80000
129080
123036
121512
140612
100037417
163732
124935
115004
9721
9812
4916
2619
54453
55179
6509
84553
9988
22903
85453
79684
90736
1534
55848
26469
6319
92170
155038
79602
92935
54807
56910
3352
339318
10741
84465
90871
84696
55830
5744
55325
4976
285237
727866
51710
109
117166
79934
683
6041
147808
7596
6000
2826
3916
23678
57569
84071
80142
9982
161823
23232
51312
94059
9130
54951
51303
92745
23167
22846
374969
54986
50488
285193
7434
150709
168850
57186
9655
23760
3631
29057
55843
22944
11237
978
1953
6405
5203
85406
4129
10195
128061
79676
10269
29985
51022
80019
91074
29965
339231
25987
259230
10978
79053
80146
56675
341359
11018
78996
375748
57711
7378
29995
132884
57102
64773
205
346157
10691
124359
219736
6902
54784
6358
7633
84144
50862
55601
10144
284086
113763
56034
123228
404281
56163
80315
963
90321
57478
158471
83479
114659
9728
474344
23360
80243
5005
7705
25994
286257
29980
135154
147138
57231
51768
79969
11118
11099
138151
84316
146395
375444
149013
10384
399665
4234
64780
2117
115677
51378
132949
8802
27314
80208
283638
22937
91574
158135
83719
285489
7008
116986
54516
375387
143098
221302
81558
11189
140609
84878
590
1593
51316
84102
9537
64342
92400
84449
84706
9204
57547
56676
100526740
55180
80210
27141
4537
116328
128434
91289
54963
401190
55151
220
7699
57608
636
64789
27286
91749
55020
10308
201562
55856
119559
79918
25861
63917
79083
2595
6376
8688
2745
23218
29923
57577
8330
151295
164091
55784
54946
84541
55256
4983
8809
29080
54756
284486
57198
2560
11145
26108
166378
57620
387496
131076
203197
79828
100272147
80267
285282
219854
150365
89846
345757
9819
22999
1004
200014
6571
1120
91133
22928
54993
51228
7264
51540
6713
121274
169792
10256
51246
29098
283337
84817
387119
113220
3918
8398
89845
202018
23306
3952
1429
91433
140467
145483
56255
93627
55013
83989
90952
23228
11219
23761
4520
126231
55654
8828
883
80832
10279
85443
24142
152
138428
165215
100131827
51334
27153
84681
65062
51062
81025
23149
1798
56898
83595
58491
57045
83849
57178
57460
53904
157
63926
9731
221091
26355
80851
51364
151354
79691
9749
26207
79591
1308
54857
4345
57048
80114
414918
51290
22798
200030
1132
7716
10791
23456
64089
284352
85235
7056
51330
10350
7752
114905
6120
5858
105377067
84895
89857
2531
221061
84873
55160
3955
92285
122773
140688
284323
114785
80324
8460
8581
8459
9547
55184
3628
171177
2254
284611
112817
25984
146542
84419
84153
6248
220042
4828
10327
10282
22869
27152
152789
83648
102724488
89927
90835
4199
84236
9488
50487
1812
1489
9860
388403
9215
8427
254122
622
79647
64857
2526
30820
254394
654364
9855
114784
54328
220963
1185
170685
55334
90637
22801
120425
55534
100132406
83982
445328
84057
1364
7373
285172
7592
9746
115024
6697
84836
3338
255027
93587
57574
5875
114987
3145
80255
10871
7712
3574
83758
79949
9050
55088
4939
57683
3664
85477
54943
160857
54991
55055
57614
2519
134728
135932
4016
123811
151313
133686
144608
80345
55051
54344
3077
55196
353274
79612
147912
84337
144568
8884
1303
64766
6414
11253
56951
220074
4440
54896
887
266727
81688
10330
79831
8831
23660
56889
64760
22873
55966
9765
100506144
23590
114826
126917
6586
54942
55108
120114
55245
102724307
26048
10732
9654
5205
161291
79891
1719
55105
55319
376940
27154
54987
121268
8416
23341
219285
387923
57337
57103
9552
7769
23432
54796
6698
148362
65243
339451
494143
2537
51084
7850
51058
3321
284325
23554
388701
131
340273
84230
7275
55262
8395
2030
51012
1486
56980
57458
65251
54861
26085
84064
84693
55255
200523
285381
9028
286256
10349
84909
130026
10804
79838
139322
2719
27178
93210
143872
79140
7639
55228
8613
374928
55312
51174
80745
60560
84065
79582
8659
1350
192286
3899
93663
253639
4636
441531
4248
83707
64430
91612
83699
54545
57657
151473
957
318
53832
2110
123016
150383
408050
25976
348262
23507
3176
57523
80194
6649
89782
55711
84933
123263
286319
122961
56261
285636
7582
56947
55974
56674
5551
147657
152098
8482
80183
1536
5972
387640
286046
144406
130940
54989
149076
167127
421
55529
8912
130951
222236
134510
9830
55500
348654
57188
101060200
57721
89887
221960
5373
51117
83941
8714
23252
29118
727936
27249
84173
57497
729991
89944
55862
55248
3200
23398
8871
154467
152100
25837
51004
285498
25912
27165
11343
51102
117583
340706
90522
63977
117145
9315
284434
222696
148113
497661
256356
342926
2134
195814
130399
57224
338376
389206
4968
29799
55665
51805
51059
114757
8320
55973
181
261729
100529239
79366
80162
55002
128338
2878
10194
199221
357
127343
246269
129138
23443
53942
160335
120526
6725
9388
339324
342184
9966
9912
56999
10581
29990
85360
152485
117608
23659
150372
116843
146223
338440
150468
9159
9249
10216
57549
8989
5136
9489
9679
90203
11070
7976
55194
5168
58986
654
131408
10158
57452
734
84187
10316
2846
79192
169693
8605
54537
94030
1389
54454
145773
340152
283871
140733
1139
113791
55751
55351
726
112611
7940
55206
94120
79982
54868
80209
79800
84068
10660
5028
253650
7634
144245
9858
64332
400566
79413
9381
8609
23767
6448
126
57538
55239
9710
80778
4682
2819
3141
349565
79153
7436
90416
256643
51167
119032
1269
353189
118932
105374836
54674
84620
339122
54558
619279
55760
196740
127253
158293
84288
112487
35
55357
11094
4708
284
84034
53834
64866
389203
83943
91300
134637
90075
140564
388569
3680
163702
84570
79758
79674
8840
6580
80070
549
9843
23007
124975
80724
10219
